0 0.000323114044395195
10 0.000275907102625153
20 -0.000417014160512784
30 -0.000979054698762969
40 -0.0013386319181178
50 -0.00168367057124549
60 -0.00174154065226207
70 -0.00228200881424316
80 -0.00223941462946105
90 -0.00303616889362023
100 -0.00396908115424233
110 -0.00182672429938061
120 -0.00309822817356628
130 -0.00324624182227536
140 -0.00308081114665269
150 -0.00236938434656909
160 -0.00297325546566903
170 -0.00230792905792214
180 -0.00235000090762124
190 -0.00229755860013098
200 -0.00311991260449833
210 -0.00246434284358656
220 -0.0011771826099272
230 -0.00176048656213187
240 -0.00189395805503885
250 -0.00170230088700898
260 -0.00132485219432652
270 -0.00134105051487829
280 -0.000982285870877093
290 0.00035689531731281
300 -7.61094418576755e-06
310 8.55393057337636e-05
320 4.36926605843744e-05
330 0.000749390249212445
340 0.00147589801754057
350 0.00139778763578125
360 0.00148412005526177
370 0.000450009704522362
380 0.00128676424723182
390 0.000935241359154541
400 0.00191434234549397
410 0.00166191764170668
420 0.00264116425670575
430 0.00220828264330591
440 0.00180712475761279
450 0.00120398316082219
460 0.0017473645725167
470 0.00192348535082067
480 0.0019136363833508
490 0.00223848537408318
500 0.00125213301678582
510 0.00148663728995915
520 0.000828828075357687
530 0.00133822470228152
540 0.000504877136155355
550 0.00080879093064042
560 0.000654720516759065
570 0.000132830563968166
580 0.00102473650049217
590 0.000813722376437026
600 0.000317408803935444
610 -9.79149127529098e-05
620 2.93252996419957e-05
630 -0.00060320058539171
640 0.000269444572837316
650 -0.000243833100537115
660 -0.000478976244116715
670 -0.000597520925865398
680 -0.000629241955744225
690 -0.00117826189974708
700 -0.000782088079105212
710 -0.00106098121544106
720 -0.00089317831653845
730 -0.00118828956087642
740 -0.00073515581696883
750 -0.00112224299274656
760 -0.00146848907473036
770 -0.00132308780981548
780 -0.00114424847592844
790 -0.00171957014886038
800 -0.00165374786814138
810 -0.00164414289810757
820 -0.000882574203527185
830 -0.00138792403011921
840 -0.000640942123664338
850 -0.000766133648993605
860 -0.000984189088542447
870 -0.000872501270594837
880 -0.000960209463217284
890 -0.00129875317792074
900 -0.00115443016457025
910 -0.00158064919104034
920 -0.00100488779670465
930 -0.00016944693147857
940 -0.00065572362657742
950 -0.000432947236933438
960 -0.000352778881056762
970 -0.000452591383212135
980 -0.000610490659253137
990 -0.000480814636871698
1000 8.12783039040536e-05
1010 0.00119109297339736
1020 0.000195155185559727
1030 0.000961579754684878
1040 0.000149889306017732
1050 0.000525518472511836
1060 0.000695321688590293
1070 0.0014720860247088
1080 0.000732316983049418
1090 0.00118915147802936
1100 0.0017928210710461
1110 0.000974565939499575
1120 0.00212078286408254
1130 0.00141999054943402
1140 0.00162979426142337
1150 0.00218440301719924
1160 0.00106653790608296
1170 0.00173124375514574
1180 0.00129812352458306
1190 0.00187049961228878
1200 0.00183530547559646
1210 0.00100731147211233
1220 0.00116630151744614
1230 0.00171483715640897
1240 0.00122996984454771
1250 0.00117282674804795
1260 0.00123461491658972
1270 0.000438668615862251
1280 0.000907169438952536
1290 0.000647951480338648
1300 0.000577457192801069
1310 -0.000207316308913331
1320 0.000352943277964164
1330 -0.000756398693500151
1340 6.3763784233602e-05
1350 -0.000637820273525205
1360 0.000512930503998614
1370 -0.000806871776641425
1380 -0.000773256790794756
1390 -0.00120785157781068
1400 -0.00100759746826465
1410 -0.00168404483949772
1420 -0.00112820334423151
1430 -0.0017513014069874
1440 -0.00180922350626582
1450 -0.00246672071984587
1460 -0.00248347962862945
1470 -0.00183708123664369
1480 -0.00258669751549504
1490 -0.00176488263105591
1500 -0.0025261031494728
1510 -0.0022977638115146
1520 -0.00304510954058461
1530 -0.00250640852665513
1540 -0.00164313938109643
1550 -0.00192402105309582
1560 -0.00184001495171391
1570 -0.00186072721680687
1580 -0.00168803656309606
1590 -0.0016247712825148
1600 -0.00143257771882866
1610 -0.00104051200097683
1620 -0.000716856633701834
1630 -0.000414536299563167
1640 -2.14399037827693e-05
1650 0.000278970246904077
1660 0.000321081712215371
1670 0.000985188204381662
1680 0.00111538354317563
1690 0.000818823298041555
1700 0.00136847997132507
1710 0.00170613462746352
1720 0.00199718100354555
1730 0.00237740837850816
1740 0.00266763998905329
1750 0.00280818495051611
1760 0.00239940768747432
1770 0.00353004600757692
1780 0.0029362244363169
1790 0.00368594186550599
1800 0.0032405058229719
1810 0.00356530792355973
1820 0.00412347966386015
1830 0.00274986985859736
1840 0.00296165127505556
1850 0.00308255518320584
1860 0.00220123829299275
1870 0.0020653004564901
1880 0.00197975732349181
1890 0.000984954334839281
1900 0.00100756069917784
1910 0.000372196382211124
1920 0.000129451278901994
1930 -0.000210066312524097
1940 -0.000559075293110548
1950 -0.00073127444004317
1960 -0.00166707326218739
1970 -0.00151721148155269
1980 -0.00179337294817203
1990 -0.000972650232203196
2000 -0.00282468829239381
2010 -0.00299648161452131
2020 -0.0027803518765218
2030 -0.00374260091175837
2040 -0.00281005082050865
2050 -0.00274300002416583
2060 -0.0037634933043368
2070 -0.00293396873115988
2080 -0.00360560337224246
2090 -0.00348101642791101
2100 -0.00360193356916792
2110 -0.00325351527260749
2120 -0.00308970904907255
2130 -0.00352746937213786
2140 -0.00238381379463089
2150 -0.00287506351911593
2160 -0.00266491954933806
2170 -0.0022744259690677
2180 -0.00112344380285792
2190 -0.00104585122434995
2200 -0.000902488439716148
2210 -0.00127539224875891
2220 -5.17045552393778e-05
2230 8.33236538619189e-05
2240 6.27184791316969e-05
2250 0.000674698489767766
2260 0.00154685233751665
2270 0.00107378816254506
2280 0.00162831185160583
2290 0.00160154783125159
2300 0.00264082989270659
2310 0.00288386253247927
2320 0.00230906340576886
2330 0.00381361288322492
2340 0.00317216196783162
2350 0.00313463789456588
2360 0.00401840828541783
2370 0.00407262788640804
2380 0.00409838276965004
2390 0.00414496174615308
2400 0.00357162358298645
2410 0.00350580801187298
2420 0.0033748950894404
2430 0.00357362495161471
2440 0.00353262596063075
2450 0.00258197832264269
2460 0.00244695347804918
2470 0.00176505039575997
2480 0.00114495329346349
2490 0.00111585744775981
2500 0.00058826010009926
2510 7.87266601830661e-06
2520 -0.0007164124093977
2530 -0.000210268148029209
2540 -0.00109365184084822
2550 -0.000626240270473176
2560 -0.00172260787440772
2570 -0.00199220140760855
2580 -0.00229753280131092
2590 -0.00299573354359272
2600 -0.00331889310746644
2610 -0.00260491055769612
2620 -0.00346474441541813
2630 -0.00356000932510545
2640 -0.00359793710839269
2650 -0.00393145342087451
2660 -0.00438236346432258
2670 -0.00426729906778592
2680 -0.00366788215515699
2690 -0.00365560506293158
2700 -0.00350108490666675
2710 -0.0029235841965165
2720 -0.00267189859049326
2730 -0.00240399232171217
2740 -0.00243539768468306
2750 -0.00228309205117367
2760 -0.0021207667650987
2770 -0.000953864193956156
2780 -0.00116013780371417
2790 -0.000374041552090095
2800 -5.11753039921827e-05
2810 0.000890604679713962
2820 -0.000193142397616018
2830 0.00162453414112359
2840 0.000911317337382028
2850 0.00247838441390893
2860 0.00191856707824259
2870 0.00251187268365289
2880 0.00266425555989269
2890 0.00262623030558785
2900 0.00308901137746378
2910 0.00371472313212353
2920 0.00318201694499664
2930 0.00361303046164229
2940 0.00408285829443826
2950 0.00316776995524871
2960 0.00342299940960212
2970 0.00269859611194287
2980 0.00300877577402731
2990 0.0036084300385953
3000 0.00243877141101777
3010 0.00231019245235516
3020 0.00183725820956732
3030 0.00283738229109811
3040 0.00213857329186121
3050 0.00155968018558742
3060 0.00095347497380256
3070 0.000451002706334455
3080 0.000439754182520525
3090 -0.000389849562344083
3100 0.000240975319781451
3110 -0.00111170577162816
3120 -0.00106820483670109
3130 -0.00143020278455324
3140 -0.00227201773745743
3150 -0.00167881771820188
3160 -0.00177252744833894
3170 -0.0033560375647469
3180 -0.00304677953071186
3190 -0.0029413246738491
3200 -0.00335069193070067
3210 -0.00361255421916567
3220 -0.00286481502442567
3230 -0.00353114474642785
3240 -0.00372717107081742
3250 -0.00349009278639615
3260 -0.0038066784743399
3270 -0.00265875306336506
3280 -0.00178740707882312
3290 -0.00275701800706354
3300 -0.00157901000192651
3310 -0.00221415781981351
3320 -0.000641952396285946
3330 -0.00152908938526567
3340 -0.000824330028895104
3350 -0.00132842489224866
3360 -0.000282111557207134
3370 7.72580432071009e-05
3380 0.000557424101970768
3390 0.000512715879441136
3400 0.000647599726300986
3410 0.00085898953155807
3420 0.000526788185685242
3430 0.00171210697480474
3440 0.00207789866470235
3450 0.0018105907759119
3460 0.00174593718630194
3470 0.00247401462576802
3480 0.00272109770280236
3490 0.00256721164840538
3500 0.00190370041574852
3510 0.00328936217544858
3520 0.00269783630027808
3530 0.00358192443807746
3540 0.00239567391291298
3550 0.0023626795672294
3560 0.00188682174402299
3570 0.00194029960203655
3580 0.00130508797563639
3590 0.00198699153544385
3600 0.00149383070209749
3610 0.000889947337514593
3620 0.000944368959874764
3630 0.000661225915143194
3640 -0.000936992231924085
3650 -6.11523399531242e-05
3660 -0.00177559537765925
3670 -0.000487631086533366
3680 -0.00150291211428539
3690 -0.00163301426348106
3700 -0.000956731999196055
3710 -0.00214244246956574
3720 -0.00194142754335949
3730 -0.00157432870865702
3740 -0.00190862928088544
3750 -0.00245793030740076
3760 -0.00201203162935729
3770 -0.00204387388414269
3780 -0.002350466559216
3790 -0.00256398202573905
3800 -0.00196799942555717
3810 -0.00192714815699895
3820 -0.00196237805808726
3830 -0.00212142530124418
3840 -0.00210859820812921
3850 -0.00177888385218042
3860 -0.00161447651525146
3870 -0.000569058204864749
3880 -0.000918327464351549
3890 -0.000635349151271805
3900 -0.000302984013441201
3910 2.62646896667396e-05
3920 0.000110730623423925
3930 0.000696082368819878
3940 0.000688916075840205
3950 0.000691763138867389
3960 0.000811041758503526
3970 0.00209754322221746
3980 0.00160412658007827
3990 0.00128561057828081
4000 0.00127907795784475
4010 0.002160980784729
4020 0.00206615406966401
4030 0.0019274021865865
4040 0.00142063470355485
4050 0.00206614833975403
4060 0.00255134526886307
4070 0.00166952410254557
4080 0.00177106570496844
4090 0.00179774007263682
4100 0.00198215684321835
4110 0.00118084490114736
4120 0.00203932441142625
4130 0.00162559986349383
4140 0.000779854916525309
4150 0.000576203767435608
4160 0.0010183106926424
4170 0.000650310411577682
4180 0.000353537428239059
4190 -0.000373343372903357
4200 -0.00173071786231304
4210 0.000216377593575922
4220 -0.000972992502897052
4230 -0.000959428293922175
4240 -0.000724536129327201
4250 -0.0013696214576754
4260 -0.00113938711539768
4270 -0.00203510261220733
4280 -0.00175471728850166
4290 -0.00126223187839966
4300 -0.00140973929545359
4310 -0.00117666438662306
4320 -0.00119679358337647
4330 -0.00179437968878752
4340 -0.000856201552346276
4350 -0.000825516925474762
4360 -0.00202344834449141
4370 -0.000778253943079124
4380 -0.000795249497803766
4390 -0.00140649395555168
4400 -0.00089313548584247
4410 -0.000414941708456542
4420 0.000403446965628437
4430 -8.91360540464482e-05
4440 -0.000165348485147718
4450 0.000120698007282548
4460 1.64378714298045e-05
4470 0.000659195441158556
4480 0.0007087861511917
4490 0.00100817147492543
4500 0.00169627707739107
4510 0.00163128065396988
4520 0.00109235936965866
4530 0.00033995863678628
4540 0.00147612452869664
4550 0.00134917250200441
4560 0.00197985006426823
4570 0.00153706208482581
4580 0.00156742007808423
4590 0.00120945039730636
4600 0.00138129573696082
4610 0.000895858689509183
4620 0.00109195556017085
4630 0.00151610521397064
4640 0.000979371592378927
4650 0.00117625147395765
4660 0.000158884301642175
4670 0.00104828071608805
4680 0.000443578396546892
4690 -0.000232519043446483
4700 4.75859486685341e-05
4710 -0.00012731202697697
4720 -0.000369273062517506
4730 -0.000866996908996219
4740 -0.00105416682500385
4750 -0.000683284038502232
4760 -0.00149510828372339
4770 -0.00139395652864675
4780 -0.00101718654742207
4790 -0.00192789701037147
4800 -0.00164945630225212
4810 -0.00201824476748141
4820 -0.00212901712506093
4830 -0.00271843153580024
4840 -0.00178524613655397
4850 -0.00117738857176205
4860 -0.00226912023122359
4870 -0.00228167956857756
4880 -0.00146577679025089
4890 -0.000822578116210348
4900 -0.00216748476484398
4910 -0.00193190311596738
4920 -0.00118369884590132
4930 -0.00125429433691805
4940 -5.8178197285511e-05
4950 -0.000258775364338919
4960 -0.000555438087484712
4970 -0.000159452562130031
4980 -0.000450224323510884
4990 0.000743853423641586
5000 0.00107081687379051
5010 0.000725828130563984
5020 0.00117253846142286
5030 0.00106125985226601
5040 0.00156809336498365
5050 0.00178886107630421
5060 0.00137749171158984
5070 0.00201571786157407
5080 0.00211998451552173
5090 0.001456742698742
5100 0.00116175823790864
5110 0.00160579258733524
5120 0.00234774269475211
5130 0.00220490595727835
5140 0.00233173810535857
5150 0.00247973162307843
5160 0.00157901923341961
5170 0.00109405638635943
5180 0.00171066499322149
5190 0.00180294024270193
5200 0.00204660029889032
5210 0.00148975002216349
5220 0.000668352132175184
5230 0.000918214361392806
5240 0.00033473835614741
5250 0.000792340549926061
5260 -0.000587411298792666
5270 -0.00026356146937342
5280 -0.00131450389173294
5290 -0.000683196154222495
5300 -0.000880116739974556
5310 -0.00101060648440933
5320 -0.00119042480259335
5330 -0.00185931341212391
5340 -0.00222089218764178
5350 -0.00150152213240525
5360 -0.00189753921650131
5370 -0.0027624982481635
5380 -0.00271180296677414
5390 -0.00265154562648494
5400 -0.0028934337572041
5410 -0.00309437749158357
5420 -0.00160366141282457
5430 -0.00195330834847803
5440 -0.00282389752849111
5450 -0.00179585379078212
5460 -0.00147700992482943
5470 -0.00192418033590027
5480 -0.00175365852901152
5490 -0.00188524899873964
5500 -0.000458788968803534
5510 -0.00037430357620141
5520 -0.00100668436930603
5530 -0.000938157731693442
5540 0.000240884465389319
5550 2.43150833677415e-05
5560 0.000245366531958148
5570 0.00179204193735449
5580 0.00102998285101366
5590 0.00199389763320628
5600 0.00139775538000097
5610 0.00216413344588107
5620 0.00265583797631484
5630 0.00260896797244386
5640 0.00317220698386681
5650 0.00214241891180243
5660 0.00278882625732585
5670 0.00220140862765397
5680 0.00317888315307206
5690 0.00268873536282839
5700 0.00320210221705937
5710 0.00211387802440229
5720 0.00292172085103018
5730 0.00249433595562113
5740 0.00220695703593241
5750 0.00166464683719721
5760 0.0016240638402856
5770 0.00176539307451787
5780 0.000873462377875202
5790 0.000578555881058916
5800 0.000687476628981626
5810 -0.000178881277266152
5820 0.000266534287433121
5830 0.000975937027935106
5840 -0.000470086411008745
5850 -0.00102226375342096
5860 -0.00104286031147053
5870 -0.00105018695208355
5880 -0.00160004886382507
5890 -0.00219914465648937
5900 -0.00227594715716595
5910 -0.002018521277623
5920 -0.00295861154012541
5930 -0.00207781588130043
5940 -0.00289158739747723
5950 -0.002679022726479
5960 -0.00307819975657598
5970 -0.00319265764334976
5980 -0.00352353926518621
5990 -0.0023602344135803
6000 -0.00287780746265167
6010 -0.00244401383339466
6020 -0.00291912546389846
6030 -0.00254456014997065
6040 -0.00223623625794758
6050 -0.00180129480220417
6060 -0.0011492393056768
6070 -0.00145197979220763
6080 -0.00130324104931523
6090 -0.000954548515916864
6100 -0.00113239126760692
6110 -0.0012529073150289
6120 0.000324915670147675
6130 0.000348168999945302
6140 0.000900273931594114
6150 0.00141270583979161
6160 0.00122062890621754
6170 0.00179571649091919
6180 0.00176367636117631
6190 0.00139038766818939
6200 0.00261934273506271
6210 0.00241263357477347
6220 0.0015689680530556
6230 0.00296639021346874
6240 0.00314211893883859
6250 0.00351100249078314
6260 0.00330107028188946
6270 0.00410949028789577
6280 0.0034951812709143
6290 0.00276025228519183
6300 0.00291965241288282
6310 0.00327746115426133
6320 0.00371771995978425
6330 0.00332615652323333
6340 0.00199325450157798
6350 0.00248282471892133
6360 0.00100644944320855
6370 0.00199205918770256
6380 0.00111776412634711
6390 0.000180350165294679
6400 0.000282478322424053
6410 0.000598213417031982
6420 -0.000549176918725381
6430 -0.000530647518621987
6440 -0.000994221331120184
6450 -0.000668754883779928
6460 -0.00222476858133051
6470 -0.00211316326694617
6480 -0.00281108672375422
6490 -0.0030094331540648
6500 -0.00260766415786445
6510 -0.00277667300610508
6520 -0.00302649504770374
6530 -0.00341632424251938
6540 -0.00331247154974107
6550 -0.00352253622182429
6560 -0.00380094541236796
6570 -0.00390655537025635
6580 -0.00363758751458386
6590 -0.0025001839277212
6600 -0.00204507071965419
6610 -0.0028319678245799
6620 -0.00323794037960875
6630 -0.00194197983221178
6640 -0.00205461484549626
6650 -0.00198575043080182
6660 -0.00125531948030205
6670 -0.00186608901647064
6680 -0.0011292893898191
6690 -0.000489046599826716
6700 -0.000610002319474169
6710 0.000113758432826593
6720 0.000371405039854313
6730 0.00113376147164753
6740 0.00130792457428478
6750 0.00214876951362225
6760 0.00260887224570751
6770 0.00255775687750312
6780 0.00212138072982212
6790 0.00274559293450124
6800 0.00284391543061803
6810 0.00343891017841811
6820 0.00296027537315779
6830 0.00263551930682275
6840 0.00308616913125645
6850 0.00309477637862931
6860 0.00303146037141366
6870 0.0035542141319982
6880 0.00289809406622799
6890 0.00329847107862812
6900 0.00316599776129537
6910 0.00304497691399609
6920 0.00218188392015695
6930 0.00153087646039993
6940 0.00233834909365315
6950 0.000819369034529094
6960 0.00204176832559062
6970 0.000899635792561153
6980 0.000682821666552452
6990 -4.72869590477734e-05
7000 -0.000199175447176058
7010 -0.000889438613114075
7020 -0.00110685512989752
7030 -0.000741957758811465
7040 -0.00210229291150124
7050 -0.00133781748102136
7060 -0.00186329553488065
7070 -0.00259311631772966
7080 -0.00254247113900903
7090 -0.00275431406742253
7100 -0.0022985071836279
7110 -0.00242027104323147
7120 -0.00372686704199728
7130 -0.00283879925580326
7140 -0.0029823573255328
7150 -0.00355376579271116
7160 -0.00321959946262334
7170 -0.00277149200325208
7180 -0.002935010831435
7190 -0.00299537371588489
7200 -0.00237549594304022
7210 -0.00297025513548897
7220 -0.00211487780046942
7230 -0.00170809120457257
7240 -0.0015434934845442
7250 -0.00133209231695584
7260 -0.000753286264628541
7270 -4.45934230385078e-05
7280 -0.00084864081881363
7290 0.000122713222615269
7300 -0.000125257777238244
7310 -8.81470941922391e-05
7320 0.000760304432688977
7330 0.00152161811141715
7340 0.00035867220027375
7350 0.00195561817677987
7360 0.00210038636382615
7370 0.00245055688740015
7380 0.00227784437585647
7390 0.00178446724776218
7400 0.00276937957733784
7410 0.00240627395602029
7420 0.00269171220788777
7430 0.00247107001946109
7440 0.00241680536209891
7450 0.00295966373286322
7460 0.0032750341493795
7470 0.00263022729729392
7480 0.00212206880980615
7490 0.00251495499728858
7500 0.00207798285304387
7510 0.00174731639177024
7520 0.00148636274345556
7530 0.00143805474994914
7540 0.00164262141302487
7550 0.00105814038606602
7560 0.000489821901886093
7570 0.000987508896890991
7580 0.000338977589323543
7590 0.000458556535971198
7600 -0.000556362439814215
7610 0.000141212935703725
7620 0.000327655280354052
7630 -0.00174054504353227
7640 -0.000925198139398982
7650 -0.00127700565498542
7660 -0.00124968806340484
7670 -0.00097954054766733
7680 -0.0024500655461616
7690 -0.00204718132438674
7700 -0.00151339121484261
7710 -0.00166322801174988
7720 -0.00212774426109277
7730 -0.0020037473810643
7740 -0.00273446997549323
7750 -0.00257046351722099
7760 -0.00218250433148959
7770 -0.00242747511818374
7780 -0.00142971898377249
7790 -0.00238050337862545
7800 -0.00103828629973559
7810 -0.0011129745403738
7820 -0.00145978794235176
7830 -0.00148456660295929
7840 -0.000982254392803394
7850 -0.00102213955728465
7860 -0.000544566328428789
7870 -0.00045883598675534
7880 -0.000393990669972991
7890 0.000384180293350663
7900 -0.000806034487810482
7910 0.000437043899296953
7920 -0.000711284857919464
7930 0.000401355772606406
7940 0.000239592854298304
7950 0.00047533878877197
7960 0.000804427613001724
7970 0.00153698758859799
7980 0.00112834404689176
7990 0.00157414323810629
8000 0.000944639067600682
8010 0.00198920956902321
8020 0.0014153665479819
8030 0.00183910422912613
8040 0.00199699593313202
8050 0.0020970379526526
8060 0.0012313588844388
8070 0.000913576828800762
8080 0.00195410261403949
8090 0.00171293700828254
8100 0.00180763087525647
8110 0.00181375488960717
8120 0.00150531024022117
8130 0.000968005341092482
8140 0.00206691544070405
8150 0.00147291158017783
8160 0.000904610621685597
8170 0.000344522143077534
8180 0.000510320869297671
8190 0.00184283712866266
8200 5.62522847629362e-05
8210 -0.000806739003991512
8220 0.000192327931051031
8230 0.000479818799882027
8240 0.000480175700270411
8250 0.000182276025682938
8260 -0.000255122713088697
8270 -0.000912564823700673
8280 -0.000532988449488139
8290 -0.00108234930605747
8300 -0.000304160097278536
8310 -0.000864129853103823
8320 -0.000565572116587721
8330 -0.000203141348786201
8340 -0.00119375470867314
8350 -0.00080099458830964
8360 -0.00130794325305614
8370 -0.00192812829929816
8380 -0.0015783074324877
8390 -0.00223090020639697
8400 -0.00120086516695399
8410 -0.00192668578646507
8420 -0.00149486323250837
8430 -0.00138480260897082
8440 -0.00120862311646541
8450 -0.00127913096023213
8460 -0.00156877235035309
8470 -0.0012431243861146
8480 -0.00120210239055703
8490 -0.000942316654932942
8500 -0.00196909363138436
8510 -0.00113693221717535
8520 -0.000577277414707791
8530 -0.0012317776425355
8540 -0.000465543533076896
8550 -0.00121600592738973
8560 -0.00091224949439611
8570 -0.000727390734445477
8580 -0.000287794730892593
8590 -6.60321836322261e-05
8600 -0.000205224632190976
8610 0.000355858194769321
8620 0.000615566955826066
8630 0.000723690991321545
8640 0.00132754170602615
8650 0.00100425935571791
8660 0.00138099636068829
8670 0.000666990896139001
8680 0.00113848235374843
8690 0.00174365362054295
8700 0.00217202524466063
8710 0.00104803439866451
8720 0.00194992342487731
8730 0.00244097500890673
8740 0.00237189024520198
8750 0.00332116621181593
8760 0.00167302505334678
8770 0.00260395322317716
8780 0.00173761475421276
8790 0.00181671525094688
8800 0.00176383827750163
8810 0.00208243167182061
8820 0.000841468121635577
8830 0.00158597222042837
8840 0.00152735351235824
8850 0.00134765718118146
8860 0.00109010050596526
8870 0.00108498008214718
8880 0.000389303815580794
8890 -5.75984885684401e-05
8900 0.000418461618209684
8910 0.000126347066327958
8920 3.09080617666538e-05
8930 -0.000225360902232799
8940 0.00052144104347502
8950 -0.000593394074659654
8960 -0.000479583030301427
8970 -0.000719480422695306
8980 -0.00142650195388085
8990 -0.00190250262140271
9000 -0.00241321062915672
9010 -0.00207922902919882
9020 -0.00213135339530215
9030 -0.0016603884523723
9040 -0.00275646043617983
9050 -0.00300020804732341
9060 -0.00239779227120765
9070 -0.00311065614331597
9080 -0.00252513513918546
9090 -0.0022441571660073
9100 -0.00212295300123062
9110 -0.00252137000536302
9120 -0.00244326612269723
9130 -0.00161670427592505
9140 -0.00198081135163858
9150 -0.00207511116443464
9160 -0.00191635859857384
9170 -0.00128538240682998
9180 -0.00126458071823144
9190 -0.000174321328992706
9200 0.000373359328998783
9210 0.00020218292804767
9220 0.000535350122625893
9230 0.000883525573613394
9240 0.00102586628458006
9250 0.00123050158742975
9260 0.00213476166592594
9270 0.00110621944107807
9280 0.00237026332303328
9290 0.00211312645672035
9300 0.00183459777161239
9310 0.00277372167594222
9320 0.00280847423061585
9330 0.00330940781320117
9340 0.0028466943604438
9350 0.00280935750205022
9360 0.00361404086267701
9370 0.00298791140051532
9380 0.0031847211903078
9390 0.00294284814402893
9400 0.00341470248946539
9410 0.00255010974948726
9420 0.00230418881713457
9430 0.00177229087370011
9440 0.00149514762160008
9450 0.000981373406140499
9460 0.00146279667509472
9470 0.00141246735414012
9480 0.00136486369202144
9490 0.000514476159368698
9500 -0.000516588428783016
9510 -0.000437165176503671
9520 -0.000224097131349267
9530 -0.000534842064975724
9540 -0.00160337740657778
9550 -0.000873470628842676
9560 -0.00164559896264991
9570 -0.00211450049982942
9580 -0.00303902747928414
9590 -0.00274262209672082
9600 -0.00343027138711397
9610 -0.00365464131797734
9620 -0.00264507339835161
9630 -0.00304515791985117
9640 -0.00320420789144504
9650 -0.0038709559947606
9660 -0.00318718713602709
9670 -0.0039726372636021
9680 -0.00367411433406841
9690 -0.00315554439427962
9700 -0.00217684774473584
9710 -0.00232902683228895
9720 -0.00246243454330668
9730 -0.0025124521782648
9740 -0.00228470786414316
9750 -0.00113237606024233
9760 -0.00191801562210342
9770 -0.000733055048846556
9780 -0.000523781392176223
9790 0.000760058354355978
9800 0.000244484245443334
9810 0.000942592821610987
9820 0.00118499495721385
9830 0.00158254520766451
9840 0.00172957871030582
9850 0.00231395582743332
9860 0.00287240011354748
9870 0.00329175025013735
9880 0.00341855870182166
9890 0.00366068385768266
9900 0.00354812698986168
9910 0.00355198990440487
9920 0.0042663341719713
9930 0.00369243714484247
9940 0.0048775030059219
9950 0.00378804068231534
9960 0.00265316819395992
9970 0.00304798752518841
9980 0.00239111758224096
9990 0.00287628308722093
10000 0.0023199659804421
10010 0.00186343880068927
10020 0.00166189918054604
10030 0.0022776237591849
10040 0.000669532649162075
10050 0.000381096269559205
10060 0.000700530924147227
10070 0.000264377334516857
10080 0.000401892982051022
10090 -0.00120622990115305
10100 -0.00026876593695326
10110 -0.000876267715419053
10120 -0.00186008914285928
10130 -0.00231375004392218
10140 -0.00229843813828916
10150 -0.00254787198954222
10160 -0.00294414709553508
10170 -0.00295303136831994
10180 -0.00324989124036482
10190 -0.00333317506068391
10200 -0.00321363049044842
10210 -0.00368346344669735
10220 -0.00376883563916595
10230 -0.00385296319998419
10240 -0.00273150828399553
10250 -0.00302047829289264
10260 -0.00246565908021679
10270 -0.00312804554625126
10280 -0.00236239999501175
10290 -0.00268953681662483
10300 -0.00126893026944627
10310 -0.00210584977894277
10320 -0.00103511326847315
10330 -0.00072194204223565
10340 -0.000394147055408276
10350 0.000597129124424341
10360 0.000831228298390122
10370 0.00157332385187011
10380 0.000789997931354847
10390 0.00142780684298945
10400 0.0018223609079073
10410 0.00230008286760802
10420 0.0031705380510509
10430 0.00328960783685092
10440 0.00319919898308614
10450 0.00322588851860711
10460 0.00307378302746448
10470 0.00380464563443279
10480 0.00269448551116905
10490 0.00343171674919596
10500 0.00301702540732906
10510 0.00322542015904151
10520 0.00326725762590643
10530 0.00378892310547198
10540 0.00233920713251897
10550 0.00215166039605583
10560 0.00197803414439032
10570 0.00208446011239698
10580 0.00179924869455098
10590 0.00126374404432127
10600 0.00136982619101105
10610 0.000315976526328423
10620 0.000146666488975975
10630 0.000502322773522242
10640 -0.000804959770526859
10650 -0.00119561008865468
10660 -0.00232691646109737
10670 -0.00103121051782246
10680 -0.00164270215093936
10690 -0.0018475376279544
10700 -0.00331613829407305
10710 -0.00270228170315104
10720 -0.00312226655168035
10730 -0.00236032941100997
10740 -0.00280414923475676
10750 -0.00350196353328035
10760 -0.00279815298039278
10770 -0.0024556203726351
10780 -0.00261512715335161
10790 -0.00267087654369483
10800 -0.00221086516875506
10810 -0.00240400906819506
10820 -0.00234707984252234
10830 -0.0022764018379281
10840 -0.00192797535491075
10850 -0.0021186992586162
10860 -0.00145265348746588
10870 -0.00134473986358748
10880 -0.00125684535979233
10890 -2.4220697218748e-05
10900 -0.000189185752452114
10910 1.98734692281692e-06
10920 0.000388166871621773
10930 0.000327149564722564
10940 0.00126506433578874
10950 0.0017956252967465
10960 0.00148764974855938
10970 0.00186014985547469
10980 0.00114416404183822
10990 0.00269604634309641
11000 0.00269512804762018
11010 0.00330546277025631
11020 0.00318705725596997
11030 0.0030797151206893
11040 0.00331920447521458
11050 0.00355580536260382
11060 0.00289151496892932
11070 0.00275342764065889
11080 0.00243921222954944
11090 0.00254906127960587
11100 0.00191847224691443
11110 0.00187921735126309
11120 0.0019377910738655
11130 0.000976833970789371
11140 0.000780270217231261
11150 0.000897315139364791
11160 0.00102374329434755
11170 -0.00021991397102185
11180 -0.000175224073625807
11190 -3.99978218499991e-05
11200 -0.00126267288054437
11210 -0.00116889743797996
11220 -0.00176526082485928
11230 -0.00148722264589301
11240 -0.00234562424921317
11250 -0.00266271572642544
11260 -0.00238885676892943
11270 -0.00288592570827309
11280 -0.00198219824473673
11290 -0.00211934173626311
11300 -0.00200447058184949
11310 -0.00262998709212957
11320 -0.00218339253844754
11330 -0.00170641585380045
11340 -0.00180085014820039
11350 -0.00187782087681025
11360 -0.00193111399428223
11370 -0.00120340336140365
11380 -0.0013204883415037
11390 -0.0012257572022127
11400 -0.000918842588052578
11410 -0.000849456414064748
11420 -0.000738066890435763
11430 0.000657361714315347
11440 0.000262780095074144
11450 0.000319181588146856
11460 0.000463091819755496
11470 0.00117462848786888
11480 0.00164577250176545
11490 0.00185273469277228
11500 0.00196568752518364
11510 0.00218137723281879
11520 0.00237216017027177
11530 0.00232335390469549
11540 0.0036038336165926
11550 0.00278867237136358
11560 0.00226486537729805
11570 0.00199015506427527
11580 0.00313101702687734
11590 0.00301643496635216
11600 0.00273210844430893
11610 0.00189254129205128
11620 0.00169201511420778
11630 0.0015899769881206
11640 0.00116261662265087
11650 0.000448125003631542
11660 0.000837124863542501
11670 0.000370488941734864
11680 0.00108346697260597
11690 0.000325749539119072
11700 0.000784288528895045
11710 -0.000290341778229922
11720 -3.40023368474705e-05
11730 -0.000838233888910475
11740 -0.000971761638504935
11750 -0.00141468668346296
11760 -0.00203494259584406
11770 -0.00210419859272638
11780 -0.00190248810399316
11790 -0.00211139418901047
11800 -0.00197796873593795
11810 -0.00238482738920299
11820 -0.00212356983590509
11830 -0.0027221018488516
11840 -0.00243136779092615
11850 -0.00289684349125632
11860 -0.00295049727418489
11870 -0.00258196791541214
11880 -0.00231300343383349
11890 -0.00193581625559169
11900 -0.00199494019425209
11910 -0.00167890853060876
11920 -0.000903439913433696
11930 -0.00058095444122701
11940 -0.00168188449833306
11950 -0.000300092781982149
11960 -0.000492396564324516
11970 0.000292735210230049
11980 4.38374431825321e-05
11990 0.000169601543543818
12000 0.00130059908518416
12010 0.000938657171860742
12020 0.00086365130713316
12030 0.00190658586618807
12040 0.00188178875365203
12050 0.0014626823864619
12060 0.00177432941957951
12070 0.0019365851061506
12080 0.00216122341788387
12090 0.00241989045344304
12100 0.00291452753458198
12110 0.00203199729762924
12120 0.00241693216141511
12130 0.00248704690299424
12140 0.00298423884488409
12150 0.0019918859805111
12160 0.00218398916519019
12170 0.00203293876304885
12180 0.00177075429441313
12190 0.0017361243785217
12200 0.000966284828242925
12210 0.00161062183531758
12220 0.000463601323023565
12230 0.000878097777347396
12240 -0.000210525286306997
12250 0.000288219979940261
12260 -0.000331137724923502
12270 -0.00100538871171264
12280 -0.000953848264228015
12290 -0.00113045517692042
12300 -0.00185847597018388
12310 -0.00155778245461526
12320 -0.00228790013500283
12330 -0.00234616785853412
12340 -0.00137343894909576
12350 -0.00136069988736201
12360 -0.00184636149815915
12370 -0.00197027781350138
12380 -0.00261943472110563
12390 -0.00251582554367974
12400 -0.00255669418251827
12410 -0.00243403490607432
12420 -0.00209366328614249
12430 -0.00244644867134429
12440 -0.00225489987621257
12450 -0.00139382527721787
12460 -0.00150434195656469
12470 -0.00118594817000017
12480 -0.00110500800909485
12490 -0.000798255014380232
12500 -0.0016880916099201
12510 -0.000832527788507069
12520 -0.000308808871218662
12530 -0.000890891418985738
12540 0.000229562037950642
12550 0.000612471033444783
12560 0.000836119542712225
12570 9.58960887793773e-05
12580 0.0002695109037488
12590 0.000597878732425167
12600 0.00128599815222451
12610 0.00158397889777259
12620 0.002009326793221
12630 0.00174380588676424
12640 0.00173842342840627
12650 0.00203347098152395
12660 0.00201859543204138
12670 0.00222323883761965
12680 0.00195759330443304
12690 0.00253834840505811
12700 0.0019490247401951
12710 0.00153504959893282
12720 0.00198473675817097
12730 0.00172821285671877
12740 0.00131972531248555
12750 0.00254931889351297
12760 0.00178853250475065
12770 0.00123201866996377
12780 0.00149775349433301
12790 0.000735154644306134
12800 0.000539760565257154
12810 -0.000322751718053675
12820 -0.000180690362797938
12830 0.000576884400612447
12840 -0.000521603464332281
12850 -0.000730059503556908
12860 -0.000599055210222315
12870 -0.000253183447156856
12880 -0.00104622027333865
12890 -0.00104931683710328
12900 -0.0012483746113045
12910 -0.00177479146796445
12920 -0.00164760288685033
12930 -0.00228724675371453
12940 -0.00253298400109626
12950 -0.00242325287796614
12960 -0.00190107222748656
12970 -0.00214182061791407
12980 -0.00226991103385685
12990 -0.00166674673863738
13000 -0.00194512504643267
13010 -0.00185593620781069
13020 -0.0019970546170395
13030 -0.00161845121805533
13040 -0.00151181757695854
13050 -0.00263326032899409
13060 -0.00194848291138063
13070 -0.000941096068212057
13080 -0.000908414022063023
13090 -0.00149807943766272
13100 -0.000499345295598566
13110 -0.00065182453294275
13120 -0.00111361087895887
13130 -0.000465964784414465
13140 -0.000181399373932236
13150 0.000917674388194961
13160 0.00081678264639217
13170 5.88555839913527e-05
13180 0.00173422863282194
13190 0.00116717527633168
13200 0.000910989949280768
13210 0.000983502815664225
13220 0.000777884811362814
13230 0.00155391173762672
13240 0.00182749282354655
13250 0.00159373999452387
13260 0.00188278730607999
13270 0.00175676145105973
13280 0.00200429853240556
13290 0.00231371257645405
13300 0.00210309748095049
13310 0.00166155467240884
13320 0.00156716568420619
13330 0.00185685092152188
13340 0.00151106826440611
13350 0.00269172392788758
13360 0.00162609254637344
13370 0.00217356297049297
13380 0.00139818942541113
13390 0.000893961409195012
13400 0.00123537928759636
13410 0.000672213971911657
13420 0.00108073685173519
13430 0.00111107703841822
13440 0.000736278762905788
13450 0.000601537317295317
13460 0.000662507946476257
13470 -0.000172080049489748
13480 0.000161306107036732
13490 -0.000587794862149034
13500 -0.000222836900061798
13510 -0.000886638727630408
13520 -0.000292135696642716
13530 -0.00101322356110424
13540 -0.00134712385284543
13550 -0.00196496145793369
13560 -0.00186371631062728
13570 -0.00178359743196936
13580 -0.00133981440472776
13590 -0.00168079588038049
13600 -0.00179315028513924
13610 -0.00286843057262345
13620 -0.0024079841738551
13630 -0.0026994460106832
13640 -0.00168455257431894
13650 -0.00288347387110297
13660 -0.00281568483831847
13670 -0.00189049903605802
13680 -0.00226254531253349
13690 -0.00225214011537702
13700 -0.00207657275603967
13710 -0.00142179353259432
13720 -0.00206625004504577
13730 -0.00101428878965101
13740 -0.00102831050921289
13750 -0.00105211602894436
13760 -0.000510343535635574
13770 -0.000233503252423738
13780 -1.77770737335217e-05
13790 7.75218621567887e-05
13800 0.00104233167857273
13810 0.000764707783559722
13820 0.000825917500917145
13830 0.00149403652715827
13840 0.00119354433781432
13850 0.00203807456553831
13860 0.00213488931865071
13870 0.00265221399546785
13880 0.00141887028972282
13890 0.00331438053247229
13900 0.00283613368964723
13910 0.00241094243687198
13920 0.00308262619930142
13930 0.00298806075729859
13940 0.00349697571526722
13950 0.00289066969148614
13960 0.00282333256551421
13970 0.00285673766335165
13980 0.00236949394864047
13990 0.00248621077923034
14000 0.00185036843694858
14010 0.00284441522876682
14020 0.00126018056627203
14030 0.00183138576539564
14040 0.00127245083578323
14050 0.00128630959002792
14060 0.000708044189320916
14070 0.000542239156635298
14080 -2.51569071410024e-05
14090 0.000417495704312056
14100 -0.000242201160049328
14110 -0.000714864048138298
14120 -0.000653657513929437
14130 -0.000429769931124335
14140 -0.00130843182710379
14150 -0.00274042992777429
14160 -0.00197440824781594
14170 -0.00226513705221847
14180 -0.00322006958517361
14190 -0.00316794460582903
14200 -0.00336626303211001
14210 -0.0029943226533588
14220 -0.00380996935223157
14230 -0.00403478358039193
14240 -0.00321488969798811
14250 -0.00401098205384441
14260 -0.00371931510359152
14270 -0.00337283577693708
14280 -0.00288693983126755
14290 -0.00308505792899808
14300 -0.00217024286842502
14310 -0.00266756188886294
14320 -0.00271389167574991
14330 -0.00227881652938728
14340 -0.00121270737671058
14350 -0.000708476624203048
14360 -3.96582855090259e-05
14370 -0.00116438993009292
14380 9.3228069291541e-05
14390 -0.000345648606086333
14400 0.000822371322287832
14410 0.00200946097394692
14420 0.00141325255458851
14430 0.00162401027447345
14440 0.00328937098241418
14450 0.00299110157916829
14460 0.0026091508582557
14470 0.00341122687127235
14480 0.00400278741712071
14490 0.00414992810605109
14500 0.00446552935784514
14510 0.00430360604823364
14520 0.0047679198635167
14530 0.00505358959074929
14540 0.00408951226749849
14550 0.0040994626667074
14560 0.00404431884350683
14570 0.00377297372288796
14580 0.00496415352885342
14590 0.00289092126540494
14600 0.00297983743659633
14610 0.00277181070451079
14620 0.00248410895076004
14630 0.00171015093749152
14640 0.00116238442481151
14650 0.000861763392088106
14660 0.00116331933252191
14670 0.000302912568259109
14680 0.000162177543001551
14690 -0.00105773246450998
14700 -0.00195509779970657
14710 -0.00171524247409633
14720 -0.00222619733104491
14730 -0.00265791460042125
14740 -0.00357811239427291
14750 -0.00361345109745173
14760 -0.00429279536712549
14770 -0.0045064144565778
14780 -0.00429846381071824
14790 -0.00465271646413082
14800 -0.00464004784056132
14810 -0.00528005896718512
14820 -0.0048129762184437
14830 -0.00465739080814765
14840 -0.00468510502287391
14850 -0.00462066699895281
14860 -0.00458707636170159
14870 -0.00415761563761405
14880 -0.00460587812316022
14890 -0.00336564075847628
14900 -0.00315428388674027
14910 -0.00212024639519131
14920 -0.00295359125672172
14930 -0.00143375171832579
14940 -0.00126837341023395
14950 -0.000320579429031351
14960 -0.000356765543948984
14970 0.000397025892723927
14980 0.000557261140471936
14990 0.00182682685775208
15000 0.00156948510383693
15010 0.00263597893306675
15020 0.00265446722438098
15030 0.00421058772962504
15040 0.00437379962185375
15050 0.00441460694505995
15060 0.00434316048348121
15070 0.00550013705634048
15080 0.00545793282569682
15090 0.00567448627184628
15100 0.00508391129611277
15110 0.00536505354616579
15120 0.00553553147408258
15130 0.0054679063130089
15140 0.0056454338824694
15150 0.00397184038324866
15160 0.00456225763092682
15170 0.00485876086481691
15180 0.0038037096013357
15190 0.00435424790669755
15200 0.00253606373788408
15210 0.00165625524182039
15220 0.00119620672813295
15230 0.00140066058617587
15240 0.000544553679228719
15250 -0.000116394390623488
15260 0.000212071166937072
15270 -0.000890765935794011
15280 -0.00142441005267458
15290 -0.00305756897386747
15300 -0.00262155648460298
15310 -0.00348018099106866
15320 -0.00351540300026894
15330 -0.00323842339104722
15340 -0.00452069012962072
15350 -0.00414710302698097
15360 -0.00574148486697814
15370 -0.00463565865134526
15380 -0.00575310707753913
15390 -0.00511797073775632
15400 -0.00537613580344476
15410 -0.0051852206525024
15420 -0.0050949221507248
15430 -0.00513062488210909
15440 -0.00450727935810171
15450 -0.00455624557895547
15460 -0.00482719397282138
15470 -0.00347329567965868
15480 -0.00344798098396491
15490 -0.0038539803145852
15500 -0.00248283735167781
15510 -0.00184817787638157
15520 -0.000641828423288508
15530 -0.00109091662975545
15540 8.08939488050097e-05
15550 6.13453758572102e-05
15560 0.00116239033796921
15570 0.00126575951794342
15580 0.00293856465106831
15590 0.00290630354014815
15600 0.00317991915081807
15610 0.00381603965959843
15620 0.00435028493019255
15630 0.00405470224553079
15640 0.00459960836011327
15650 0.00500647811307779
15660 0.00451217441737712
15670 0.0055249103705822
15680 0.00524012652395532
15690 0.00514730473038043
15700 0.00471646564425252
15710 0.00494174923504932
15720 0.00458570919049384
15730 0.00416525404250537
15740 0.00316708254826563
15750 0.0028429083461516
15760 0.00362617273598914
15770 0.00355758950928902
15780 0.00250636807674
15790 0.00269266779366585
15800 0.00112559021566611
15810 0.00114218208923208
15820 0.000475805467638701
15830 -0.000824556870304585
15840 -0.00139805417012216
15850 -0.001500856900824
15860 -0.00236614801887542
15870 -0.00268784619759692
15880 -0.00288890980743718
15890 -0.00338283555792115
15900 -0.00436081654424631
15910 -0.00417464964043015
15920 -0.00468354038908251
15930 -0.00555136025925992
15940 -0.00441036908122471
15950 -0.00563884079279171
15960 -0.00503359335769767
15970 -0.00466981977625918
15980 -0.00441068782690916
15990 -0.00435418800356941
16000 -0.00430220947856264
16010 -0.00376642183864224
16020 -0.00424458017506473
16030 -0.00325975639043822
16040 -0.00313232113204648
16050 -0.00302629742769059
16060 -0.00209721891173898
16070 -0.0017585794414295
16080 -0.00145536959092926
16090 -0.00130027180995458
16100 -0.000574108150615347
16110 -0.000165876152658495
16120 0.000443660825786139
16130 0.000505536441238993
16140 0.00171731874404384
16150 0.00198497442818508
16160 0.00176238333137063
16170 0.00203542285534265
16180 0.00332460407320477
16190 0.00385467659663063
16200 0.0036623799710131
16210 0.00297519677409912
16220 0.00380349822388624
16230 0.00401179873029646
16240 0.00415716107112291
16250 0.00376999469486585
16260 0.00387573850171777
16270 0.0035078428554586
16280 0.00352566218592883
16290 0.00315622385351656
16300 0.00325913509858787
16310 0.00280353849944036
16320 0.0033077459323133
16330 0.00231756803958796
16340 0.00327961974152007
16350 0.00217946151376926
16360 0.0012289610592323
16370 0.000547716560286598
16380 0.000409600864053169
16390 -0.000501163239248305
16400 0.00052011184865142
16410 -0.000264199455913014
16420 -0.000355988917326357
16430 -0.000894427969694072
16440 -0.00125928149031563
16450 -0.00237808042509847
16460 -0.00315771557982278
16470 -0.00280459893648697
16480 -0.00322925542344814
16490 -0.00389664343487184
16500 -0.00391655511691434
16510 -0.00348621934886741
16520 -0.00291720944895435
16530 -0.00399602298299312
16540 -0.00268713964735819
16550 -0.00326474974510539
16560 -0.00388456494064103
16570 -0.00288993714919841
16580 -0.00290629106370376
16590 -0.00293505832836609
16600 -0.00240712691205965
16610 -0.0023106234781727
16620 -0.00174965474380759
16630 -0.001010204948302
16640 -0.00188045010406654
16650 -0.000841126580721424
16660 1.95447331056267e-05
16670 -0.000132404495863583
16680 0.000760124219270454
16690 -0.000235729110682873
16700 0.000629769802656088
16710 0.00109843721426143
16720 0.0021673077568256
16730 0.00126424222303048
16740 0.00174014768895356
16750 0.0021272384782337
16760 0.00228225632094552
16770 0.00231530550386224
16780 0.00314969706542066
16790 0.00280172081792477
16800 0.00311512472039853
16810 0.00302795439590026
16820 0.00273464391117319
16830 0.00289047693682294
16840 0.00307677479230939
16850 0.00270839074905287
16860 0.00196337026988389
16870 0.00175358989290735
16880 0.00187575039267198
16890 0.00135381086115427
16900 0.00209001175188868
16910 0.000212233200139389
16920 0.000722423975630612
16930 0.000994159733203029
16940 -3.84221065691554e-05
16950 0.0001106007005889
16960 -0.000614777599903572
16970 -0.00101303269290129
16980 -0.00127090173351806
16990 -0.00131366026824567
17000 -0.000758067605087908
17010 -0.00161175791491021
17020 -0.00210287226410115
17030 -0.00227965109171306
17040 -0.00117219435950841
17050 -0.0019615522043315
17060 -0.00152110922485258
17070 -0.00150113903379901
17080 -0.00239410586397582
17090 -0.00232000283012457
17100 -0.00231590607836848
17110 -0.00184092862104628
17120 -0.0016849687774814
17130 -0.00173957617592619
17140 -0.0011167960183926
17150 -0.00126693186160062
17160 -0.00143016949902099
17170 -0.000618817036417345
17180 -0.00015745317395226
17190 -0.000648717651857053
17200 -0.000208221921273875
17210 -7.6330947948192e-05
17220 -0.000468107965039891
17230 0.000228330442309601
17240 0.00161112054786538
17250 0.000956933711622786
17260 0.000640732771130586
17270 0.000728297395406184
17280 0.000743986829131583
17290 0.00166104345961741
17300 0.00087685787572365
17310 0.00148445037246706
17320 0.00140026067215535
17330 0.00114997726156233
17340 0.000615925314849222
17350 0.00162451001613536
17360 0.00238354145141986
17370 0.000597646692583663
17380 0.00160100193648598
17390 0.0013588660568315
17400 0.00118934484308945
17410 0.000758413525293415
17420 0.0008966267675087
17430 0.000272789415884305
17440 0.000888844498236616
17450 0.000994140279421063
17460 0.000585010694211357
17470 7.26337815676394e-05
17480 -0.000104546756823739
17490 9.52424796008981e-05
17500 -0.000572715123751964
17510 -0.000186219184642996
17520 -0.000350330775678197
17530 -0.00121032378999592
17540 -0.000694527356366089
17550 -1.13028319185212e-05
17560 -0.000845742868098863
17570 -0.00120465902019691
17580 -0.000917030504609537
17590 -0.000791794826516225
17600 -0.00118732057710063
17610 -0.00137254818120425
17620 -0.00156816839838616
17630 -0.0017683358611825
17640 -0.00048786270458352
17650 -0.00178307508119258
17660 -0.000751655705351036
17670 -0.000757880456367756
17680 -0.00124965616421937
17690 0.000141870062147663
17700 -0.000296494763598209
17710 0.000450394768734933
17720 0.000560779962612896
17730 0.00010589709858001
17740 -0.000170065878153343
17750 -0.000242730239821488
17760 0.00100784073869484
17770 -0.000147131257535875
17780 0.000245053311143986
17790 0.00173126291333544
17800 0.00122229175898828
17810 0.000511806693030997
17820 0.000971082184353523
17830 0.000988592679256203
17840 0.00143346263194113
17850 0.000793978397595463
17860 0.00152826594697814
17870 0.000876271443826953
17880 0.00194022416863928
17890 0.00122360514171928
17900 0.00146482765831365
17910 0.000727594984631496
17920 0.000560647744041954
17930 0.000549769887724046
17940 0.000568448931006658
17950 0.00030719308983209
17960 0.000103955046268236
17970 -0.000281587119204802
17980 -0.000523830410235634
17990 0.000406902206300259
18000 -0.000103740903817759
18010 -0.000691901273545113
18020 -0.000406272098459622
18030 -0.000812545456060515
18040 -0.000664145398281151
18050 -0.001038003693452
18060 -0.00132216715984923
18070 -0.000718091650885861
18080 -0.000597500692721863
18090 -0.00126236319556521
18100 -0.00133269186824414
18110 -0.000964666535026076
18120 -0.00206014769740489
18130 -0.00138131389236146
18140 -0.00180931513782922
18150 -0.00131452480500799
18160 -0.0016274501906551
18170 -0.00103624439556499
18180 -0.00124584429580101
18190 -0.000780744575141676
18200 -0.000888204515702675
18210 -0.000769685221471855
18220 0.000230895004160685
18230 -0.000890770361732102
18240 -0.000335764718500654
18250 -0.000850999234090581
18260 2.39964694937713e-05
18270 -0.000853643247221293
18280 0.000399264895038569
18290 0.00152367114337292
18300 0.00027707159159953
18310 0.000612713825495169
18320 0.000338630771451201
18330 0.00072008506781522
18340 0.00083249760478202
18350 0.00139126211700705
18360 0.000935846077881831
18370 0.00087700675940875
18380 0.00160992921614816
18390 0.00144972317377537
18400 0.0011352176741436
18410 0.00150704378626426
18420 0.0010436847991356
18430 0.00178143405120293
18440 0.000485491561610496
18450 0.0010390622344925
18460 0.00103837550454668
18470 0.000793088029872585
18480 0.000922831770759693
18490 0.000137083197242505
18500 -0.000408086444929654
18510 -0.000222221068264683
18520 0.000584614959056682
18530 -0.000375861322978104
18540 -0.000106978310773227
18550 -0.000620934386783153
18560 -0.000375904324584651
18570 -0.000194890562747622
18580 -0.000830780541003584
18590 -0.0011028274107423
18600 -0.00032635255989391
18610 -0.00151045934812071
18620 -0.00103381073350564
18630 -0.000714616600982515
18640 -0.00136898710521996
18650 -0.0011472675528057
18660 -0.00179942454498528
18670 -0.00179327725560523
18680 -0.000902143805305837
18690 -0.00177967126350476
18700 -0.00226669887510147
18710 -0.00209628351651209
18720 -0.00138409702968851
18730 -0.00131908676949547
18740 -0.00154252162370413
18750 -0.000457588825401906
18760 -0.00122426476358168
18770 -0.000852321358536985
18780 -0.00135156724535233
18790 -0.000437593561238088
18800 -0.000944617174516715
18810 0.000252315402483357
18820 -0.000579797890335844
18830 -0.00035398968372413
18840 -0.000595245031153734
18850 -0.000160506266975472
18860 9.0090800696334e-05
18870 0.00043748294615174
18880 0.000729486509924325
18890 0.00145959936294032
18900 0.000719318236968415
18910 0.00132880241982864
18920 0.000876591046859008
18930 0.0016554250248785
18940 0.000971347293649775
18950 0.00161050400267063
18960 0.0019929097610667
18970 0.00163661441405825
18980 0.00181447723952123
18990 0.00101824303120508
19000 0.00146933130834862
19010 0.000549179500041828
19020 0.00110989594576653
19030 0.00139726896217947
19040 0.00153694030122798
19050 0.000611775990677267
19060 0.000670543303792451
19070 0.000510994221955277
19080 5.965390974405e-05
19090 -2.44051269229989e-05
19100 0.000179038074950805
19110 0.000773711608743406
19120 0.000448855666477919
19130 4.74690932867946e-06
19140 0.000202373153372723
19150 -0.000464724699384635
19160 -0.00125535068999905
19170 -0.00070177590472968
19180 -0.000711220100796351
19190 -0.00149772371694297
19200 -0.000833430116250834
19210 -0.00080464249536567
19220 -0.000887816458024113
19230 -0.00143082139276624
19240 -0.00133496306271226
19250 -0.00148234610387585
19260 -0.00197700663539834
19270 -0.00113462584893861
19280 -0.00183750855812207
19290 -0.0017880248976142
19300 -0.00206796293129871
19310 -0.00235644949195547
19320 -0.00109353851527192
19330 -0.00140455246940438
19340 -0.00126020609160593
19350 -0.00166604390186879
19360 -0.00133164148599811
19370 -0.000682459916184253
19380 -0.00040664440182993
19390 -0.000551645112533777
19400 -0.000280106261944021
19410 -0.000455000503443739
19420 -0.000628977823172857
19430 -0.000383036684915392
19440 0.000407464061962765
19450 0.000315101412473539
19460 0.000358168760093486
19470 -4.97758905072079e-05
19480 0.00135470221101531
19490 0.00130611193347677
19500 0.00130799989776619
19510 0.00138825940675794
19520 0.000217748169018806
19530 0.00145724158477708
19540 0.00131463873647758
19550 0.000402957117867907
19560 0.000736669582678607
19570 0.000914555337320105
19580 0.00191810117578319
19590 0.000363160184912829
19600 0.00119592412649825
19610 0.000981642230015706
19620 0.00124517906126889
19630 0.000965020820148599
19640 0.00185536275824199
19650 6.72786134177934e-05
19660 0.00115290607512343
19670 0.000999634307487843
19680 0.000568190138797791
19690 0.000464720801035272
19700 0.000422256949560986
19710 0.000139231123477758
19720 0.000329724323190103
19730 -0.000194666626146564
19740 -0.000178195484013266
19750 9.20374665016675e-05
19760 -0.000533924882113823
19770 -0.00042369407898573
19780 -0.000114819554410714
19790 -0.000881381375954343
19800 -0.000492788842644394
19810 -0.00153516035906511
19820 -0.00113704696180204
19830 -0.00124428172300571
19840 -0.0015983815008944
19850 -0.00198500650543698
19860 -0.00162214306559381
19870 -0.000760670298400356
19880 -0.00109222358489445
19890 -0.00131266306140915
19900 -0.000865452597459997
19910 -0.000484794231041345
19920 -0.00113487551816841
19930 -0.000878791368929744
19940 -0.0013636453550712
19950 -0.00116673341619303
19960 -0.00183578409892302
19970 -0.000503807256143735
19980 -0.00112218472871083
19990 -0.00153415861681292
20000 -0.000546659448140211
20010 -0.000787222062457717
20020 -0.000405669101563023
20030 -0.000764240033274883
20040 -0.000759745294078126
20050 -0.00081294135773191
20060 -7.68606823436315e-05
20070 0.000378044420593306
20080 -0.000187646457841628
20090 0.000284266603707979
20100 0.000241865927595938
20110 0.000195603790719586
20120 0.00076081502496442
20130 -0.000374371142244446
20140 0.000821798072930067
20150 -7.47743521461134e-05
20160 0.00121076852299178
20170 0.0010448176454898
20180 0.000676530975252325
20190 0.000281366266996532
20200 0.00125768596142945
20210 0.00135004697550716
20220 0.00128535384560621
20230 0.00132840733447347
20240 0.000754284165595554
20250 0.00207612791285213
20260 0.000825460428936862
20270 0.00246649146572981
20280 0.00124784724687907
20290 0.00257895595038249
20300 0.0016765758908646
20310 0.000435119477427143
20320 0.00147087861098759
20330 0.00100345678896001
20340 0.00098791088471417
20350 0.000199422875339251
20360 0.000853021821434407
20370 0.00058120720547164
20380 0.000597633517957821
20390 0.000474196280741326
20400 0.0002354559924656
20410 -0.000557669097257915
20420 -0.00101271666207481
20430 -0.000329024431335491
20440 -0.00109782504308847
20450 -0.000509827633793143
20460 -0.000367476111376376
20470 -0.00102384078315806
20480 -4.84312461384456e-06
20490 -0.0007113518738652
20500 -0.0014717234402187
20510 -0.00123653084456204
20520 -0.00172130178355348
20530 -0.00175490641998276
20540 -0.00165003325270981
20550 -0.00137852349115422
20560 -0.00160990617330921
20570 -0.00117211438510708
20580 -0.00187507011741575
20590 -0.00103005102294881
20600 -0.00156111250238119
20610 -0.00172593308107427
20620 -0.000993095682133663
20630 -0.00184690072849149
20640 -0.0012647303185883
20650 -0.00124204536483041
20660 -0.000988548194445653
20670 -0.000767290357648543
20680 -0.000834445841117207
20690 -0.0011237203178094
20700 -0.00142020990029379
20710 -0.000220594683240759
20720 -0.00033678331004832
20730 -0.000675786858566956
20740 -0.000845945463131596
20750 -4.17170076005352e-05
20760 -0.000426607078810516
20770 0.00116219820269906
20780 0.000158249053025176
20790 0.00115137975460103
20800 0.0014036433045484
20810 0.00165712364899433
20820 0.000688778583506627
20830 0.00158992977166658
20840 0.00245877925487651
20850 0.00110314366234802
20860 0.00142245351331158
20870 0.00180403079482848
20880 0.00177316643061439
20890 0.00118826968349602
20900 0.00161772269859717
20910 0.00199591829030796
20920 0.00261239252927252
20930 0.00186546897360369
20940 0.00236118391346215
20950 0.00260992657289406
20960 0.000850753684499715
20970 0.00159060089426028
20980 0.00154702531614827
20990 0.00128811176881727
21000 0.00175247022169513
21010 0.00152010036265326
21020 0.00164856349012247
21030 -0.000128602439233984
21040 0.00100574824616327
21050 0.000178458388105073
21060 0.000318481422476619
21070 -0.000261038452567958
21080 -0.000698457967438125
21090 -0.00176517093002148
21100 -0.00119080724387758
21110 -0.000734649453966972
21120 -0.00108611951468741
21130 -0.00174349623005685
21140 -0.00104622131923905
21150 -0.00278244196663042
21160 -0.00170275385989099
21170 -0.00248289558370185
21180 -0.00258770518974466
21190 -0.00204151939644446
21200 -0.00324064646707855
21210 -0.00218162544499491
21220 -0.00233090654092756
21230 -0.00184944862960431
21240 -0.00184127995300752
21250 -0.00168809375631341
21260 -0.00204301819236109
21270 -0.00215561717155172
21280 -0.00204327044065502
21290 -0.0020105467051391
21300 -0.00135356637895482
21310 -0.00215500012463084
21320 -0.000814761653741011
21330 -0.000771496153490209
21340 -0.000984078776194467
21350 -0.000311423651757773
21360 -1.61447628520215e-05
21370 0.000558008717880437
21380 0.000109443072116585
21390 0.000600622688994712
21400 0.00172949287513464
21410 0.000540371033150623
21420 0.00199636613831932
21430 0.00123678748871592
21440 0.00233885126455989
21450 0.00269015611912775
21460 0.00248903811309637
21470 0.00347946450332868
21480 0.00353910490931045
21490 0.0030824018580129
21500 0.00293916460861678
21510 0.00320441122457008
21520 0.00273880013631236
21530 0.0037973175107446
21540 0.00312573361262204
21550 0.00255865687385942
21560 0.00301870043999974
21570 0.00289650165269296
21580 0.00306809460303671
21590 0.00250878194848856
21600 0.00146522441273554
21610 0.00247858710641648
21620 0.00181633298817087
21630 0.00149235100640453
21640 0.00132310913828129
21650 0.000935817451291241
21660 0.000291855751165099
21670 -0.0010600164553924
21680 -0.000946426700425484
21690 -0.00138825999542994
21700 -0.00131403901413977
21710 -0.00274476206113293
21720 -0.00221279720443055
21730 -0.00228107405316689
21740 -0.00210157037960888
21750 -0.00319539601682961
21760 -0.00325762122032113
21770 -0.00307719720100732
21780 -0.00404661447323505
21790 -0.00358316717457755
21800 -0.0039223740892948
21810 -0.00446513518196058
21820 -0.00413283070062366
21830 -0.00400871860045934
21840 -0.00380941028612665
21850 -0.00399801482144238
21860 -0.0035327136748572
21870 -0.00306295947239143
21880 -0.0034950945917297
21890 -0.00189242959502197
21900 -0.00269098836514095
21910 -0.001926048227658
21920 -0.00228757516884792
21930 -0.00180777022119033
21940 -0.00093321821597857
21950 -0.000385540506769149
21960 -0.000594696932277115
21970 0.000260355054043541
21980 0.00112301723404675
21990 0.00136393048484884
22000 0.00119158646390333
22010 0.00266177035412421
22020 0.00248777984933882
22030 0.00322654020286359
22040 0.0029953383188238
22050 0.00363032970088652
22060 0.00369677353388588
22070 0.00427341477725906
22080 0.00359666337230377
22090 0.00338445706662321
22100 0.0039612071383742
22110 0.00499126433928902
22120 0.00451897098130164
22130 0.00395236422591058
22140 0.00443317593792284
22150 0.00392989243268558
22160 0.00317068103756028
22170 0.00326971818063289
22180 0.0034494225833637
22190 0.00250826195306656
22200 0.00273430927623979
22210 0.00142219972271899
22220 0.00132561443569009
22230 0.000882341241498384
22240 0.000699798290409019
22250 -0.000110664646207025
22260 0.000114614956889089
22270 -0.000812061036051899
22280 -0.0015396189344124
22290 -0.00122660722392208
22300 -0.00232887188230647
22310 -0.00297980085158803
22320 -0.00297766324970855
22330 -0.00397857583680518
22340 -0.00360768952164685
22350 -0.00397933035220211
22360 -0.00428656552633608
22370 -0.00375991924157204
22380 -0.00387064366887743
22390 -0.00412365326308933
22400 -0.0051756505271603
22410 -0.00512721840976351
22420 -0.00399356640655418
22430 -0.00404382433560997
22440 -0.00366603008386855
22450 -0.00433658110121871
22460 -0.00303103747771721
22470 -0.00328288940904118
22480 -0.00347972825120372
22490 -0.00224132752274273
22500 -0.00284773202827546
22510 -0.0017023208556971
22520 -0.000739944576459319
22530 -0.000699617608998538
22540 0.000376926397393293
22550 0.000556471381396194
22560 0.00128054903724311
22570 0.00129556544438494
22580 0.00181258315556042
22590 0.00267547957019856
22600 0.00266324580168754
22610 0.00355708067010781
22620 0.00482332456740067
22630 0.00360131271391672
22640 0.00422365027132602
22650 0.00457695074435333
22660 0.00406542148947861
22670 0.00512983554355465
22680 0.0048074912659641
22690 0.00479215465329612
22700 0.00424211095866746
22710 0.0044005472442267
22720 0.00404530574072575
22730 0.00391072134590458
22740 0.00358367454636583
22750 0.00448652184339375
22760 0.00325172651083161
22770 0.00286626349736475
22780 0.0022561405276519
22790 0.00148638677606317
22800 0.0023776069710962
22810 0.000822848526041278
22820 0.000363804293992743
22830 -0.000805700241115072
22840 -0.000721618693309931
22850 -0.000859295164358012
22860 -0.00144471482083567
22870 -0.00173085985732942
22880 -0.00293939886606613
22890 -0.00296639138581391
22900 -0.00375907819860286
22910 -0.00364614498499976
22920 -0.00388513182566626
22930 -0.00390940124385354
22940 -0.00375424009427746
22950 -0.00514402334899523
22960 -0.00494648924306005
22970 -0.0044840212852616
22980 -0.00419737370598741
22990 -0.00578360858729065
23000 -0.00434826873877483
23010 -0.00369581198795692
23020 -0.00383912073033179
23030 -0.00398935308995952
23040 -0.00334412103806422
23050 -0.00302379077959915
23060 -0.00286478195399819
23070 -0.00255179660893643
23080 -0.00166414885124772
23090 -0.00126302653006744
23100 -0.000977620241744725
23110 -6.88130264759228e-05
23120 0.000594843444831899
23130 0.000880568877043191
23140 0.000900668540861786
23150 0.00181376035034643
23160 0.0016397584978503
23170 0.00261185357990362
23180 0.00279318759366862
23190 0.00307687789115037
23200 0.00383544794241001
23210 0.00433534316909667
23220 0.00391886415557282
23230 0.00454782944505306
23240 0.00460091365583692
23250 0.00404161592457501
23260 0.00347429238586539
23270 0.00463977685468092
23280 0.00443428651198109
23290 0.00397260678103758
23300 0.00288246148805904
23310 0.00356081216694518
23320 0.0036111786871696
23330 0.00257552267572753
23340 0.00272343967509571
23350 0.00170526758069393
23360 0.00169835792190588
23370 0.000826039930276842
23380 0.000663614661911868
23390 0.000681699309118034
23400 -0.000690536192320206
23410 -0.00108533360245508
23420 -0.00121517999010689
23430 -0.00104018730351855
23440 -0.00208685061319902
23450 -0.00252947614523921
23460 -0.00301194245129435
23470 -0.00313619618803975
23480 -0.0033104088153123
23490 -0.00273880243699293
23500 -0.00315404355042728
23510 -0.00400266662914574
23520 -0.0026186317549215
23530 -0.00306843931250369
23540 -0.00360618690067648
23550 -0.00419266003426989
23560 -0.00456340380148341
23570 -0.00409789482458224
23580 -0.00408012220688203
23590 -0.0029155800173344
23600 -0.00275799711105572
23610 -0.0022727818601626
23620 -0.00217781768163462
23630 -0.00215125433841817
23640 -0.00151645970522102
23650 -0.00179379943124759
23660 -0.00065244671014196
23670 -0.00112712638119111
23680 -0.000161966140080041
23690 0.00116191169803985
23700 0.00153694730708257
23710 0.00124904751637863
23720 0.00162144072465242
23730 0.00195636869711608
23740 0.00163427636345118
23750 0.00264665408576967
23760 0.00288303932585596
23770 0.00321272820552062
23780 0.00247745606296353
23790 0.00261861992574997
23800 0.00296539911276331
23810 0.00401215363900407
23820 0.00298054302879185
23830 0.00363762517313798
23840 0.00315995084013696
23850 0.00309258576867638
23860 0.00321584439832444
23870 0.00207256394972241
23880 0.00293241086020686
23890 0.00250168141553026
23900 0.00176107240372262
23910 0.000490321461195254
23920 0.00086371365889261
23930 0.00123654824399161
23940 0.000196640671364345
23950 -0.000198795111018232
23960 6.30809752458192e-05
23970 -0.00112858928515221
23980 -0.00118701706041588
23990 -0.00102470191088193
24000 -0.00167517502365597
24010 -0.00106008853782009
24020 -0.00204191246261101
24030 -0.00222757002176341
24040 -0.00181404915516701
24050 -0.00275245001045159
24060 -0.00244638847226399
24070 -0.00256060753547397
24080 -0.00265197265749011
24090 -0.00350103895830986
24100 -0.00235972771466316
24110 -0.00198480587353841
24120 -0.00217050466700586
24130 -0.00310496377044788
24140 -0.00200361795352142
24150 -0.00138014318231076
24160 -0.00212290151275453
24170 -0.000716271836360208
24180 -0.00116590193360308
24190 -0.0002674915867461
24200 -0.000677457999182791
24210 0.000225627503581746
24220 -7.47436092494366e-05
24230 0.000656694882718587
24240 -0.000571934608048677
24250 0.000572251625855908
24260 0.00088471276779467
24270 0.00110483030841662
24280 0.00116815365201333
24290 0.00214030682393729
24300 0.00163604033864173
24310 0.00186700555665134
24320 0.000975156503684896
24330 0.0018758643890886
24340 0.00204044953561825
24350 0.00301335761184817
24360 0.00238059787549131
24370 0.00119008852567446
24380 0.00116408760409412
24390 0.00214175231491488
24400 0.00139124099907587
24410 0.00160107904640021
24420 0.000938659390538481
24430 0.00100382381897514
24440 0.000475372884950581
24450 0.00119656455398416
24460 0.00118825886930419
24470 0.000248591865308025
24480 -0.00048795308322585
24490 0.00011077701339705
24500 -0.00071551573784668
24510 -0.000775532871951753
24520 -0.000762098046604418
24530 -0.000777597189073482
24540 -0.00129178792780074
24550 -0.00114744522436794
24560 -0.00194206265264207
24570 -0.00154579281333305
24580 -0.00180223289500171
24590 -0.0012898929953637
24600 -0.00140778543832912
24610 -0.00174765867502618
24620 -0.00139987079065999
24630 -0.00157311632010446
24640 -0.00131665208230295
24650 -0.000846615616132997
24660 -0.00153496724780938
24670 -0.000483790037788289
24680 -0.00132188238277863
24690 -0.00105317030638849
24700 -0.000640589434966873
24710 -0.000603442182658442
24720 1.97434371227462e-05
24730 -0.000378031099814077
24740 -0.000808764215336702
24750 0.000538954192649898
24760 0.000836359731114037
24770 0.000423009818211684
24780 0.000719776871076133
24790 0.00161600908591687
24800 0.000790879914355716
24810 0.00125196516393317
24820 0.0013345164676828
24830 0.00143531225063988
24840 0.00140118001530361
24850 0.00116417459699611
24860 0.00181503148232043
24870 0.00100719919055439
24880 0.00150501836692171
24890 0.0016354006123806
24900 0.000305743026751321
24910 0.000635636639965866
24920 0.00120851831645602
24930 0.000792998966883712
24940 0.000372401061909437
24950 -2.7484796834435e-05
24960 0.000319460568548665
24970 -0.000561987601194239
24980 -0.000174701429626206
24990 -0.000247436288001802
25000 -0.000817123475223923
25010 -0.000123110491861367
25020 -0.000860762284560593
25030 -0.00195639359265579
25040 -0.0010188892511978
25050 -0.000955155142659109
25060 -0.0014749520502502
25070 -0.00163419755132959
25080 -0.00104728651762349
25090 -0.00135627215501819
25100 -0.001335747828555
25110 -0.00272905438475652
25120 -0.00173532003267874
25130 -0.00127787525735038
25140 -0.00189385418607879
25150 -0.00172380010938801
25160 -0.000949520618934149
25170 -0.000665163839567759
25180 -0.000838876193139424
25190 -0.000443561445060537
25200 -0.000754179166309146
