0 -0.00192917431116948
10 -0.00243972022056906
20 -0.00282313993912304
30 -0.0025221636143212
40 -0.00362023978968608
50 -0.00295057149696718
60 -0.00223106935909571
70 -0.00118394002910568
80 -0.00130260855893798
90 0.000223494630561975
100 0.00117389970026642
110 0.00195490199387894
120 0.00246055361834986
130 0.00250759363159403
140 0.0027152974327004
150 0.00231297394090029
160 0.00317182649681087
170 0.00289017266422538
180 0.00294987623658148
190 0.00219061141879907
200 0.000924377531083615
210 0.000821532495673458
220 -9.93764814987855e-05
230 -0.000372241033586587
240 -0.000460912673215099
250 -0.00117877775367355
260 -0.00212965941741613
270 -0.00175216203226634
280 -0.00163627573840743
290 -0.00225036954950857
300 -0.00248016581377953
310 -0.00239405238294725
320 -0.00170962392500902
330 -0.000975280334502518
340 -0.00171872048117274
350 -0.000958577766366114
360 0.000618622456522489
370 0.000720305705411871
380 0.000931677967940629
390 0.00131582629978357
400 0.00100447696153252
410 0.000532439425845623
420 0.000932912747566288
430 0.00144798667905868
440 0.00172295966666534
450 0.000302192191060726
460 0.00175871599209185
470 0.00179156831556331
480 0.000955875418117705
490 0.00143760762230808
500 0.000130090267690614
510 0.000196991828944156
520 -0.000288834054206177
530 -0.00062126593900787
540 -0.000738406783785782
550 -0.00120444516357627
560 -0.000956438868398435
570 -0.00173989532829388
580 -0.00216858085004521
590 -0.000794624703818753
600 -0.00106441934071228
610 -7.86228898640672e-07
620 -0.000799964816281817
630 0.00073997124904307
640 -0.000205456972923607
650 -0.000124029684392664
660 -0.000272703357097487
670 -0.00022651009563812
680 -0.00052966617427041
690 -6.31403350621555e-05
700 0.000757371079031702
710 -0.000607257398757286
720 -0.000776677987329004
730 8.42542866749462e-05
740 0.000464211679567878
750 0.00123211651569593
760 0.00230546788754156
770 0.00237292727591979
780 0.00165677564504474
790 0.000488633911767714
800 0.00117047876278913
810 0.000603122115529335
820 0.000589468562926669
830 -0.000371105128774705
840 -0.00150590202231785
850 0.000176278359822513
860 -0.000927500130356729
870 -0.000458205149162507
880 0.000208510759515501
890 0.00115337586123397
900 0.000786001681819655
910 0.000234530735132949
920 -0.000203102570060269
930 -0.000558845682092095
940 -0.000747284739960899
950 -0.00155529763803542
960 -0.00158945520584898
970 -0.00268781787368575
980 -0.00202545748757794
990 -0.00270310539730239
1000 -0.00159876055034799
1010 -0.000486532645488092
1020 -0.000328067559072967
1030 0.00100738170338994
1040 0.00125675172733903
1050 0.00192805906896512
1060 0.0033994612108227
1070 0.00275329954506997
1080 0.00201034006422265
1090 0.00265823042361817
1100 0.00213967312685458
1110 0.000955884808502575
1120 0.000126300096700105
1130 8.89067265352335e-05
1140 0.00018454323454952
1150 -0.000453953013042488
1160 0.00110068503707232
1170 0.00020294265136954
1180 0.000646422863571802
1190 0.000739595091769269
1200 -0.00110242700354871
1210 -0.00121972897666745
1220 -0.00217516418932239
1230 -0.00319407496517597
1240 -0.00339552400687677
1250 -0.00463186076614867
1260 -0.00358234339184256
1270 -0.00319022952752548
1280 -0.00341812824309606
1290 -0.00154264375671953
1300 0.000119961235155837
1310 -0.000290661411073859
1320 0.00223500130851899
1330 0.00306162148171497
1340 0.00405589087522452
1350 0.00417165804330771
1360 0.00351872283254316
1370 0.00401600568476214
1380 0.00269374894345617
1390 0.00257696469353511
1400 0.00195120594020186
1410 0.00129829360832354
1420 -0.000205836758132574
1430 0.000601375021598281
1440 -0.000548388975454984
1450 -0.000121769364109421
1460 -0.000419710202237385
1470 -0.000367951223002588
1480 -0.000837348338860372
1490 -0.00174160838016273
1500 -0.00304050324535645
1510 -0.00343165543644487
1520 -0.0040279455555829
1530 -0.00360081779130528
1540 -0.00478251865412848
1550 -0.00404979160820918
1560 -0.00271769906225935
1570 -0.00121346894354306
1580 -0.000614709584862753
1590 0.000508166953957863
1600 0.00198944692750068
1610 0.00432082713002929
1620 0.00412208311779906
1630 0.005064163107498
1640 0.00443120480694597
1650 0.00464678207868682
1660 0.00301840765989917
1670 0.00261503768632495
1680 0.00227759627864244
1690 0.00055207438378808
1700 0.000645661033678527
1710 7.58397635082536e-05
1720 -0.000281598485241249
1730 -0.00043731071947571
1740 -0.00137773903031283
1750 -0.00224004462428036
1760 -0.00192880765301934
1770 -0.0028254610405427
1780 -0.00333794087495954
1790 -0.00327433267505956
1800 -0.00349044269741837
1810 -0.00395747917641134
1820 -0.00333856476245061
1830 -0.00305487667985913
1840 -0.00217171648955864
1850 -0.00197295796520571
1860 -0.000473264491599967
1870 0.00111639169504077
1880 0.00194712725522092
1890 0.00229008945540714
1900 0.00401487087714761
1910 0.00421250803769193
1920 0.00350891614997735
1930 0.00332189575388207
1940 0.00319443336601373
1950 0.00292942582060513
1960 0.00292063580587076
1970 0.00178494380786798
1980 -1.66350616512774e-05
1990 0.000370544759736687
2000 1.73684000003486e-05
2010 -0.000342204365966856
2020 -0.00152161579733342
2030 -0.000882104530483348
2040 -0.00226532982016068
2050 -0.00210378576531318
2060 -0.00311595989300061
2070 -0.00340634071851149
2080 -0.00305303979641221
2090 -0.00215227744976487
2100 -0.00327655459125215
2110 -0.00205972805154321
2120 -0.0018190488640267
2130 -0.000923564659544395
2140 -0.000446608426250709
2150 0.00115920746659569
2160 0.00149442502837581
2170 0.00251282331959089
2180 0.0026346910513258
2190 0.0025442432467267
2200 0.00309015151178147
2210 0.00238614988453094
2220 0.00251313976886408
2230 0.00175770759607945
2240 0.00157877034392714
2250 0.00104680712385432
2260 0.000893230087544762
2270 0.000364715008093248
2280 -0.000161769201517169
2290 -0.00129399693978036
2300 -0.00128409013790942
2310 -0.000894516770442448
2320 -0.00205800025024389
2330 -0.00228303278293642
2340 -0.0029166280417986
2350 -0.00217177687114751
2360 -0.00180669512030971
2370 -0.00266009774036829
2380 -0.000622547510560089
2390 -0.00135739421477373
2400 -0.000572704771026337
2410 0.000816627240283574
2420 4.97502163353944e-05
2430 0.000245984993435908
2440 0.000610578577937142
2450 0.000674340929097987
2460 0.0012137003532392
2470 0.000872987684221933
2480 0.000673458459357774
2490 0.00144365980062109
2500 0.00111616895666572
2510 0.00133537405766404
2520 0.0013084504042262
2530 0.00140465768651849
2540 0.00170944440313201
2550 0.00096401295605877
2560 0.000699045076760207
2570 9.17547830784392e-05
2580 -0.00132241725664198
2590 -0.000905951018958113
2600 -0.00183609326097983
2610 -0.00171484672878111
2620 -0.00199011326795433
2630 -0.00151307902895812
2640 -0.000456618105422205
2650 -0.000152346776502364
2660 0.000109568065645897
2670 0.000163169961213942
2680 0.000504086325916609
2690 0.00108793973841936
2700 -6.89839147539945e-06
2710 -0.00088148817660713
2720 -0.000692237408805168
2730 -0.0012637379343423
2740 -0.00119027147383402
2750 -0.00122542572881041
2760 -0.000607587843993788
2770 0.000405331096006125
2780 0.000139823935605395
2790 -0.000499332635925056
2800 0.00133128918798859
2810 0.00176897281817584
2820 0.0010972525018324
2830 0.000724798471344192
2840 0.00145756544517574
2850 0.00134468154197281
2860 0.000343237395122133
2870 0.00123045683946166
2880 -0.00039490628680044
2890 -0.000675301437170481
2900 -0.000357556485793088
2910 -0.000561876586790839
2920 0.000217705065319282
2930 0.000421301143272211
2940 0.000691124864707851
2950 0.000947691442399744
2960 0.000289718996839582
2970 0.000476787894116994
2980 -0.000796739420959787
2990 -0.000819602918287694
3000 -0.00164262319794901
3010 -0.00247031225667905
3020 -0.00314927625899367
3030 -0.00227612148708759
3040 -0.00280317717018419
3050 -0.00221220525800886
3060 -0.000750912416206915
3070 -0.000598342265864261
3080 0.000336666693729689
3090 0.00150713342931295
3100 0.00286010205231599
3110 0.00246797606726827
3120 0.00359545131132671
3130 0.00318346900987126
3140 0.00217187819717198
3150 0.00178493314934675
3160 0.00113354946147254
3170 0.00127398102423142
3180 0.00021074531797525
3190 -1.84058959164943e-05
3200 -0.000178656696417958
3210 -8.42264024628008e-05
3220 0.000472062801393335
3230 0.000518440062900717
3240 0.000257736421238853
3250 -1.92157147896262e-05
3260 -0.00215295057340675
3270 -0.00204775282614752
3280 -0.00283043666022873
3290 -0.00371496401396422
3300 -0.00358518546308899
3310 -0.0036763474077305
3320 -0.00362579506909844
3330 -0.00345680085779703
3340 -0.00165387346912978
3350 -0.000320624182643965
3360 0.00108679974283988
3370 0.0024969836193399
3380 0.00340906477242014
3390 0.00423133248706633
3400 0.00337231737935729
3410 0.00370109305344013
3420 0.0037490579890726
3430 0.00367374132677702
3440 0.00215397403377015
3450 0.00197974959067965
3460 0.000269938415815693
3470 0.00070222764675605
3480 0.000480730366716437
3490 7.96214600438893e-05
3500 -8.7666143071389e-05
3510 -0.000379033103488811
3520 -0.000426395862824495
3530 -0.00214512105594135
3540 -0.00228437676823346
3550 -0.00264562703910755
3560 -0.00287318492364263
3570 -0.00347675467032323
3580 -0.00416211302808303
3590 -0.00460290663305541
3600 -0.00448447639936815
3610 -0.00328444311685322
3620 -0.00147024754718108
3630 -0.000872507581121388
3640 0.00139696864831388
3650 0.00195781567022921
3660 0.00386640748442243
3670 0.00459049891313173
3680 0.00461544163791288
3690 0.00421000062826292
3700 0.0038775171765151
3710 0.00361516110064358
3720 0.00240675502752993
3730 0.00276126855666263
3740 0.000990442391968709
3750 0.000389829785505966
3760 -0.000247511463604203
3770 4.40504471105001e-05
3780 0.000150174952348142
3790 -0.00132438222090238
3800 -0.00155723644558604
3810 -0.00234287518829887
3820 -0.00277365641598832
3830 -0.00307357846264821
3840 -0.00388502792387258
3850 -0.00428090568680346
3860 -0.00357099470737244
3870 -0.0024447789019787
3880 -0.00297747274082877
3890 -0.00189002315636622
3900 -0.000478243097647238
3910 0.000188986676250949
3920 0.00119012673371828
3930 0.00262697027521676
3940 0.00374882859860368
3950 0.00303843398249555
3960 0.00379201209181398
3970 0.00369594787714048
3980 0.00414728756655517
3990 0.00254872567829233
4000 0.00297217311921792
4010 0.00216118004232324
4020 0.00154823167471291
4030 0.00074115610099574
4040 -9.47504442770872e-05
4050 1.72084011393435e-05
4060 -0.00114709045554422
4070 -0.00173589017206255
4080 -0.0024307756025653
4090 -0.00208911568204325
4100 -0.00284176734492937
4110 -0.00316470687119144
4120 -0.00317665026428087
4130 -0.00302459867964817
4140 -0.00362165392705783
4150 -0.00254512373090589
4160 -0.00209572878763665
4170 -0.00164821436503776
4180 0.000761964844702577
4190 0.000711278284288301
4200 0.00086144668662362
4210 0.0019147191017819
4220 0.00254099686271707
4230 0.00216231808091343
4240 0.00277180741771988
4250 0.00228901466037243
4260 0.00171791697521924
4270 0.00374481966848691
4280 0.00242787595348151
4290 0.00185510123825974
4300 0.00104776375375139
4310 0.00135097752168389
4320 0.00056850951962259
4330 7.83653940076986e-05
4340 0.00016143045160692
4350 -0.0011277240549205
4360 -0.00245720827637988
4370 -0.00279715041912324
4380 -0.00242931579141251
4390 -0.00168611467590276
4400 -0.00246824824990573
4410 -0.00240465212024178
4420 -0.00128819905921714
4430 -0.000763612619655426
4440 -0.000158216933148567
4450 -0.00039734923591892
4460 0.000336607992029484
4470 0.000341443352768467
4480 0.000389508960962313
4490 0.000652951408443367
4500 0.000277369102566164
4510 0.000435484787751894
4520 0.000620699689959154
4530 0.000806927564278089
4540 0.00192863748664894
4550 0.00222119643836343
4560 0.0023790213395398
4570 0.000882782124070667
4580 0.00170773051952483
4590 0.00183639400727728
4600 0.000636418790554651
4610 0.0011997133007379
4620 -0.000423381348403739
4630 -0.00102909460846967
4640 -0.000445687146798291
4650 -0.000495231223367075
4660 -0.00260219460530488
4670 -0.000912975013046212
4680 -0.00173122144394331
4690 -0.00110210580614255
4700 -0.000327886502006526
4710 -0.000744712653789108
4720 -0.000671605818902202
4730 8.76050542948277e-05
4740 8.82936083840215e-06
4750 0.000179665690978478
4760 -0.000677319653294307
4770 -0.000832272188511823
4780 -0.000644488421903201
4790 -0.000946085259762557
4800 -0.00118549992597411
4810 -0.000746746834827314
4820 -0.000976787431056823
4830 -0.000271649067235292
4840 0.00126244081310454
4850 0.00065999184608582
4860 0.00160208060220491
4870 0.00225846896233576
4880 0.00213798731175385
4890 0.00221380662626667
4900 0.00199214594164616
4910 0.00152249673004277
4920 0.00114505400577233
4930 0.00048717216513091
4940 -0.000124337626705653
4950 -0.0010694980815689
4960 0.000534551669563102
4970 -0.000137468565379492
4980 -0.000192076363158003
4990 7.90595566606885e-05
5000 -0.00073723476810277
5010 0.000559350669638062
5020 -8.30840885845266e-05
5030 -0.000607102256626163
5040 -0.00175670565687904
5050 -0.00249442876343682
5060 -0.00174413949740006
5070 -0.00245377539223047
5080 -0.00273591353623731
5090 -0.00276014948568171
5100 -0.00187972897348572
5110 -0.0010890547448345
5120 0.00024502291828207
5130 0.00112507313826832
5140 0.00168374006628277
5150 0.00284733019458853
5160 0.00287794806741148
5170 0.00230902751629842
5180 0.00355228438042457
5190 0.00269720967961231
5200 0.00230073771241337
5210 0.00205361050974492
5220 0.0010216146904319
5230 8.36477466842736e-05
5240 -0.000309212705517673
5250 0.000475174379582843
5260 0.000577285437392784
5270 0.000548244575867034
5280 8.99666955650853e-05
5290 -0.000955791657049266
5300 -0.000446898600860417
5310 -0.00211211970403802
5320 -0.00261102479610128
5330 -0.0035177711734384
5340 -0.00369441423166031
5350 -0.00359175447090921
5360 -0.0040626524447592
5370 -0.00333995803944927
5380 -0.0038205446286422
5390 -0.0011254028288201
5400 -0.000488323970611803
5410 0.00112965679202154
5420 0.0020586184574794
5430 0.00396473271374339
5440 0.0037487960889147
5450 0.00341625204478121
5460 0.00396720533413813
5470 0.00335824141167791
5480 0.00365359510438807
5490 0.00349910367050178
5500 0.00157387425748287
5510 0.000579235614184287
5520 0.00124007060882267
5530 -0.000273726562815021
5540 3.63069199850356e-05
5550 -0.00099147166903973
5560 -0.000736830388084513
5570 -0.00134268481169652
5580 -0.00160041195599744
5590 -0.00202619731813768
5600 -0.0027732490614969
5610 -0.00360689525650932
5620 -0.004136054498942
5630 -0.00359688855257587
5640 -0.00380074987881444
5650 -0.00313807777841769
5660 -0.00240100892910683
5670 -0.00187025084806436
5680 -4.61660911222802e-05
5690 0.000786718305633793
5700 0.00210886390228518
5710 0.00289601082533103
5720 0.0043176531898615
5730 0.00389249412366707
5740 0.00463254826487694
5750 0.00421011610069104
5760 0.00286216396828497
5770 0.00285540945822922
5780 0.00216036629373774
5790 0.000668296832879721
5800 -7.50420653759054e-05
5810 -0.000734326586802354
5820 -0.000159218018657774
5830 -0.00117028952715513
5840 -0.001582774042057
5850 -0.00157060184554601
5860 -0.00211065378463643
5870 -0.00303186154265662
5880 -0.00387794416071455
5890 -0.0036640187154042
5900 -0.00351520329571305
5910 -0.0031281044609233
5920 -0.00331168067680838
5930 -0.0026322722326914
5940 -0.00183408214249313
5950 -0.000806366667482866
5960 0.000231935497842625
5970 0.00129675237976912
5980 0.00299154758529405
5990 0.00290959047463402
6000 0.00314791852673082
6010 0.00374366939654719
6020 0.00298670968036852
6030 0.00357304784562831
6040 0.00343674285553964
6050 0.00194520609131189
6060 0.00245591014083873
6070 0.00112929398720021
6080 -0.000537741721306337
6090 0.000653138518063231
6100 -4.74464937944641e-05
6110 -0.000844622004586049
6120 -0.00161820553372469
6130 -0.00190898567935253
6140 -0.0025582534450776
6150 -0.003670001923306
6160 -0.00255608139586715
6170 -0.00317453113822214
6180 -0.00247470743591757
6190 -0.00242802536742828
6200 -0.0020702774383118
6210 -0.00193285828970607
6220 -0.00029193793278086
6230 -0.000177718603551279
6240 0.000804472481101241
6250 0.000914677344647145
6260 0.00205878701285646
6270 0.00206285788598824
6280 0.00181280165103698
6290 0.00291911719681587
6300 0.0022580089274132
6310 0.00192429913650947
6320 0.00253904172650641
6330 0.00237137868429428
6340 0.0010284581923854
6350 0.00149002919149263
6360 0.00132759613003204
6370 0.000729664636751534
6380 -3.86404147260034e-05
6390 -0.000530484656693451
6400 -0.000880146085327723
6410 -0.00165326834384633
6420 -0.00258646385302167
6430 -0.00180627883034625
6440 -0.00226907943335457
6450 -0.00295072174146173
6460 -0.00202999360148625
6470 -0.000794901118957439
6480 -0.0012214375106337
6490 -0.00126171118124202
6500 -0.000259925625963825
6510 7.77448271387547e-05
6520 0.000312627799189633
6530 -0.000150170575238192
6540 -0.000721342661307843
6550 0.000517608604946191
6560 0.000643807114399178
6570 0.000524630287665058
6580 0.000411135447855578
6590 0.000728092442533602
6600 0.000614662427776596
6610 0.00143742016595619
6620 0.000799100976911454
6630 0.00196988424512825
6640 0.00105588008305011
6650 0.00115380862198468
6660 0.000618848829320559
6670 0.000410949107840283
6680 -0.000278898054941598
6690 -0.00101107270497888
6700 -0.00027582793872601
6710 -0.000769277219445745
6720 -0.00144889387813856
6730 -0.000636210819705699
6740 -0.00143954988098636
6750 -0.000379194172654096
6760 2.28198785347082e-05
6770 7.43624098626563e-06
6780 0.00025265366363442
6790 -0.000259583789593457
6800 -0.000539311564689882
6810 -0.000934003621422904
6820 -0.00086808241684555
6830 -0.00108483048770195
6840 -0.000872692128726393
6850 -0.00129872026868684
6860 -0.0015311665787185
6870 -0.00115709605186377
6880 -3.82472356170588e-05
6890 0.000703587326608963
6900 0.0007523236026415
6910 0.00219881579701102
6920 0.00125547746072427
6930 0.00208160415803211
6940 0.00226329354036523
6950 0.00212290866740642
6960 0.00107969872233185
6970 0.000924081088769071
6980 0.000561886222612698
6990 1.38681717707632e-05
7000 -0.00035920209352465
7010 0.00051931437880015
7020 0.000421675279897404
7030 -0.000410287725027243
7040 0.000558245077472862
7050 0.000394951359867144
7060 -0.00055544469532602
7070 4.09428910742773e-06
7080 -0.00159782340148673
7090 -0.00129243497734411
7100 -0.00204075230696015
7110 -0.00236256262744494
7120 -0.00337978108860653
7130 -0.00304814573619355
7140 -0.00264207497481537
7150 -0.00147976406031446
7160 -0.000710274009290652
7170 0.000649225472848904
7180 0.00121434563864705
7190 0.00283282296590744
7200 0.00300614063100305
7210 0.00387213528925665
7220 0.00318084463380136
7230 0.00381509466990692
7240 0.0023214361034787
7250 0.00213356075805234
7260 0.00185506621688838
7270 0.00182572336728093
7280 0.00089059097541456
7290 0.000340613695585053
7300 0.000613997581040219
7310 -0.00035582344686184
7320 -0.000252386352442053
7330 -0.000732512577466191
7340 -0.00114549682798769
7350 -0.000805049985479557
7360 -0.00252020619833081
7370 -0.00287051756956537
7380 -0.00404285856781965
7390 -0.00402581822886134
7400 -0.00328555068803478
7410 -0.00411982081650146
7420 -0.00350785983811753
7430 -0.00218851059540447
7440 -0.00133428684098153
7450 0.000176501420638336
7460 0.00177711854266873
7470 0.00271318092690764
7480 0.0034252530879504
7490 0.00405430616426981
7500 0.00389438212177772
7510 0.00437540123195526
7520 0.00372087506449781
7530 0.00298683117785766
7540 0.00172295255326077
7550 0.00150399295131591
7560 0.00091945919495212
7570 0.000801524664928744
7580 0.000702788089445034
7590 7.2620796703929e-05
7600 -0.000166522099087353
7610 -0.000594903777505167
7620 -0.00164340468856241
7630 -0.00203874549680703
7640 -0.00330299276201451
7650 -0.00345867708191399
7660 -0.00310611797138944
7670 -0.00383000858650639
7680 -0.00400596817696404
7690 -0.00343875645060953
7700 -0.00356852986363279
7710 -0.00204431056135661
7720 -0.000748272154053249
7730 -0.000202985214855381
7740 0.0009320481196415
7750 0.00249246852977176
7760 0.00285863772354683
7770 0.00438014824907686
7780 0.00485182411911023
7790 0.00389599795065161
7800 0.00429714841264647
7810 0.0031434222900844
7820 0.00199091224799469
7830 0.00265874518807393
7840 0.00094613628941398
7850 0.000569579503526772
7860 4.65123013698367e-05
7870 -0.00109353954881592
7880 -0.00201384123245749
7890 -0.00136527628202654
7900 -0.00312205662589781
7910 -0.00168218923658718
7920 -0.0023891776795983
7930 -0.00360823590444642
7940 -0.0034707218946069
7950 -0.00319012837666824
7960 -0.0038741542393082
7970 -0.00284102306046068
7980 -0.00218469474870104
7990 -0.0019546855424848
8000 -0.000647996134866516
8010 0.000563939234309437
8020 0.00214218348805742
8030 0.00252504400686069
8040 0.00389468113523857
8050 0.00309340245466154
8060 0.00362625731495541
8070 0.00367393086746876
8080 0.00330499194977682
8090 0.00365697349525039
8100 0.00247556154720778
8110 0.00172592089995268
8120 0.0013180735442082
8130 0.000287707191129146
8140 0.000394867355624239
8150 -0.000499397761962791
8160 -0.000739795837702828
8170 -0.00219286195576571
8180 -0.00242634336322453
8190 -0.00265452368233858
8200 -0.00266612093682222
8210 -0.00317184664497118
8220 -0.00274063375058015
8230 -0.00224920088003613
8240 -0.00155068864745805
8250 -0.000853372967720369
8260 -0.00229725401040758
8270 -0.000976730096514346
8280 -0.000387469190512431
8290 0.00106996877459306
8300 0.000435900310391758
8310 0.000813968454430633
8320 0.00194179049099503
8330 0.00206727978166314
8340 0.00178621488507348
8350 0.00314500889813861
8360 0.00273898926085832
8370 0.00164323237046589
8380 0.00248080138413333
8390 0.00145727275388921
8400 0.00100160682637578
8410 0.00113751872931128
8420 0.000605560717510717
8430 0.000448285954253141
8440 -0.00130572671934156
8450 -0.00120883235679918
8460 -0.00117650315968405
8470 -0.0025427110088018
8480 -0.0026646255327875
8490 -0.00226388843049965
8500 -0.0016722313328295
8510 -0.000911176921495911
8520 -0.00153533923073431
8530 9.83657438618211e-06
8540 -0.000780893137406062
8550 -0.000455460638716829
8560 0.000394004620514531
8570 0.000234970839278656
8580 0.000197026533293624
8590 3.57685595352771e-05
8600 0.000587335689691601
8610 -0.000636130936733506
8620 -0.00091650516407409
8630 0.000820964775998223
8640 0.000709932146754015
8650 0.00118278288774089
8660 0.00124952086807385
8670 0.000659575935582153
8680 0.00163928960421375
8690 0.00236987323487152
8700 0.00129347386576851
8710 0.000656158739511846
8720 0.000243458584810621
8730 0.000168018255790297
8740 -0.000199687945358804
8750 -0.000947093482538869
8760 -0.00118351463099288
8770 2.96345441486517e-05
8780 -0.000352604085160324
8790 1.85154084466233e-05
8800 0.000176033377848012
8810 0.000650917332067823
8820 -3.31484971117983e-05
8830 -0.000155690982551052
8840 0.000504480148088744
8850 0.000436056389958164
8860 -0.000264901890420776
8870 -0.00117881747874474
8880 -0.00190067207522559
8890 -0.00207475974892349
8900 -0.00169342183903735
8910 -0.00117537706211119
8920 -0.00117607089627956
8930 -0.000388823373846906
8940 0.000334162730679974
8950 0.00126825548791877
8960 0.0013811352904594
8970 0.00166433584599481
8980 0.00200340516725727
8990 0.00200058710502237
9000 0.00157214939924127
9010 0.00218337579067377
9020 8.33257918639519e-05
9030 0.000140723159328895
9040 -0.000631522000827393
9050 -0.000358333392268732
9060 0.000575327284977191
9070 1.89354504641074e-05
9080 9.09640073740052e-05
9090 0.0005295958961782
9100 -0.000350079529957877
9110 0.000501278646894138
9120 0.000387025380935599
9130 -0.000467964294502477
9140 -0.00122160980932247
9150 -0.00177609975427399
9160 -0.00322780968131282
9170 -0.00374152164615152
9180 -0.00274366489105581
9190 -0.00289646090947966
9200 -0.00171478846908675
9210 -0.000397104071413456
9220 0.0016277166690996
9230 0.000765311454933458
9240 0.00135049608135307
9250 0.00304077415424619
9260 0.00373501184856224
9270 0.00431943419915579
9280 0.00345915224616191
9290 0.00321243694597878
9300 0.00151449434436249
9310 0.00203437308583235
9320 0.00104884695347726
9330 0.000480076024149552
9340 0.000408806441146304
9350 0.000704266245934935
9360 0.00067975219768135
9370 -0.000653906893071256
9380 0.000147491620439915
9390 -0.00125408243351306
9400 -0.000959745513868991
9410 -0.00289065976282684
9420 -0.00282490174967637
9430 -0.00366374099947195
9440 -0.00436663373980373
9450 -0.00380796063417607
9460 -0.0047011531053136
9470 -0.00373038757080424
9480 -0.00173275202788043
9490 -0.00109279301043591
9500 0.000829759200118246
9510 0.00160407527921876
9520 0.00235943981003434
9530 0.00336356887404784
9540 0.00389956886093615
9550 0.00374170558191499
9560 0.00423150124493403
9570 0.00325449672164593
9580 0.00278784121680706
9590 0.00307326588479011
9600 0.000680533260644396
9610 0.000679729540944562
9620 0.000340650004775972
9630 0.000827794336773994
9640 -0.000186664451800377
9650 -0.000723826172224516
9660 -0.00134162988758422
9670 -0.00213452281368931
9680 -0.00209688498523793
9690 -0.00300383317199389
9700 -0.00360869367102692
9710 -0.0032302206117765
9720 -0.00334568546152258
9730 -0.00368128883668928
9740 -0.00405362137364012
9750 -0.00292789297999362
9760 -0.00234837349228766
9770 -0.000824597590773749
9780 0.000153052841401263
9790 0.00201656354787351
9800 0.00281507512331219
9810 0.00395617245793259
9820 0.00453109325481768
9830 0.00521982942503576
9840 0.00431908243331958
9850 0.00441713249392104
9860 0.00257768053940523
9870 0.00228667888108491
9880 0.00176499001364658
9890 0.000114430982855278
9900 0.000815734591131146
9910 -0.000741248025276288
9920 -0.00157112133281728
9930 -0.0011114323835697
9940 -0.0014553085090702
9950 -0.00204299561806589
9960 -0.00190060614348256
9970 -0.00203492435251058
9980 -0.0034671650500314
9990 -0.00347829659602896
10000 -0.00370983681887369
10010 -0.00330976607946852
10020 -0.00265621642129424
10030 -0.00200340427282333
10040 -0.00170275970789077
10050 -0.000430951103227906
10060 0.000385350153354588
10070 0.00133810785265057
10080 0.00219007387812287
10090 0.0026847798672056
10100 0.00365055892618256
10110 0.00408514625659806
10120 0.00440863042725604
10130 0.00332488977935259
10140 0.00315275897290358
10150 0.00284127924312655
10160 0.00133581641636611
10170 0.000454831620499359
10180 0.000509560228403176
10190 -0.000174813396528147
10200 -0.000813684929510518
10210 -0.00072136661920071
10220 -0.000809314888973508
10230 -0.00260974683057627
10240 -0.00247735548352967
10250 -0.00278785895108706
10260 -0.00326678670972429
10270 -0.00183670716186343
10280 -0.00293152114452536
10290 -0.00176758033503187
10300 -0.0016822036890285
10310 -0.00106541743890654
10320 -0.000171745242533888
10330 0.000137025275460921
10340 0.00112270691296226
10350 0.000546835394387742
10360 0.00111724673482671
10370 0.00160645607863288
10380 0.00221474825221523
10390 0.00189199293252629
10400 0.00174229300086678
10410 0.00185270425153751
10420 0.00205136611636631
10430 0.00201380685529075
10440 0.00147394832324485
10450 0.00174305092907583
10460 0.00141461841017304
10470 0.000676446456346798
10480 -1.9989004978428e-05
10490 -0.000996073906368119
10500 -0.00155047634460788
10510 -0.00179871798467178
10520 -0.00119777302164411
10530 -0.0015735849010399
10540 -0.00139099630076293
10550 -0.00169525193582339
10560 -0.00111866828349516
10570 -0.000558373322488635
10580 -0.000456078767158759
10590 -0.000321532482168409
10600 0.000280636381730598
10610 0.000154627117809589
10620 6.26723015745942e-05
10630 0.000326880654372252
10640 0.000755861297865647
10650 0.00011569876131772
10660 0.000162468388181724
10670 0.000358234734535947
10680 0.000872366874536115
10690 0.000246237200538368
10700 0.000976729708851684
10710 0.000783917263407068
10720 0.0011604575556314
10730 0.00105753568235023
10740 0.001850406367169
10750 0.00172127955883387
10760 0.00109241659635032
10770 -0.000363963828292681
10780 0.00016275021119275
10790 -0.000306311521742993
10800 -0.000978721279498452
10810 -0.00150062872453797
10820 -0.000881978260046483
10830 -0.000564783509648516
10840 -0.000487358387597092
10850 0.00013871130670464
10860 0.000220465182808103
10870 0.000485113875141223
10880 0.000305787390947867
10890 0.000103661580615234
10900 -1.99357392598231e-05
10910 -0.000850529319459512
10920 -0.00158454084281593
10930 -0.00109425014153856
10940 -0.00177808391100483
10950 -0.00286957299555698
10960 -0.00163638490556935
10970 -0.000645888881253576
10980 0.000547995438362768
10990 0.00105162589832691
11000 0.00175234896465784
11010 0.00102987630059084
11020 0.00284196486609815
11030 0.00222495419973101
11040 0.00172876251003496
11050 0.00175799586996773
11060 0.00102178908054784
11070 0.000891001182455318
11080 0.000795146438343502
11090 -0.000116046500747951
11100 1.62645851636003e-05
11110 -0.000303989926433063
11120 0.000570421365820936
11130 0.000126649291379721
11140 -0.000672938629544583
11150 -0.000353983409865288
11160 0.000461822035753408
11170 -0.000595504985418863
11180 -0.00161089839158542
11190 -0.00157937594936707
11200 -0.00328722868512606
11210 -0.00405544615423031
11220 -0.0035666484645377
11230 -0.00320966065715822
11240 -0.0026549170995572
11250 -0.00245303277183608
11260 -0.000587976924523873
11270 0.000477656125806471
11280 0.00157398971814637
11290 0.00217533361996809
11300 0.00398868310597384
11310 0.00334955795246135
11320 0.00415799529887518
11330 0.00331858563396607
11340 0.00241323470605786
11350 0.00199012107979551
11360 0.00143247976874266
11370 0.00108653954704803
11380 0.000641710774468081
11390 -0.000107062149982429
11400 -0.00114228320435223
11410 -0.000625840164327569
11420 -0.00026133493974497
11430 -9.88824789917622e-05
11440 -0.000355955541403614
11450 -0.000707454271922146
11460 -0.00192180163590937
11470 -0.00245651285894576
11480 -0.00348580541200567
11490 -0.00475305699946869
11500 -0.00410969043313139
11510 -0.004012889310666
11520 -0.00360402264715832
11530 -0.00267478085682362
11540 -0.00101866545397302
11550 0.00108772312157651
11560 0.00211703154886292
11570 0.00339875592691783
11580 0.00369717917534342
11590 0.00437648065435813
11600 0.00376736672227432
11610 0.00446170654732548
11620 0.00298461279984942
11630 0.00319185686739625
11640 0.00265012761711233
11650 0.00104735853174621
11660 0.00055823199126365
11670 0.000590952628565407
11680 -0.000366637163881575
11690 -0.000696455881337611
11700 -0.000592473909068701
11710 -0.00140036751680782
11720 -0.00252159536225872
11730 -0.00247550712230735
11740 -0.00309886870506539
11750 -0.00352230727345841
11760 -0.00381405712641748
11770 -0.00358893044012009
11780 -0.00360810127647039
11790 -0.00460302664752279
11800 -0.00286022093725001
11810 -0.00152958188085628
11820 0.000576725608889398
11830 0.000462571727681658
11840 0.00110463528952708
11850 0.00260505293162405
11860 0.00415165085304881
11870 0.00437780517677405
11880 0.00444207257572647
11890 0.00346282772003563
11900 0.00423316021951766
11910 0.00295289747878578
11920 0.00176381578797633
11930 0.00161083589576289
11940 0.000713566836367123
11950 -0.000690072381790359
11960 -0.000260197064135076
11970 -0.000965792332380378
11980 -0.00153953088607617
11990 -0.00219607767507436
12000 -0.00294821123443486
12010 -0.00242574841376345
12020 -0.00263991845709193
12030 -0.00320967695563756
12040 -0.00356939307193859
12050 -0.00354787946044568
12060 -0.00310466061896139
12070 -0.00217867198567672
12080 -0.00201440088956187
12090 -0.00158076657942589
12100 0.000501977716580292
12110 0.00148666507868415
12120 0.00121648293036231
12130 0.00152398081420682
12140 0.0039142905912097
12150 0.00271312417696825
12160 0.00327677006008094
12170 0.00291348526787388
12180 0.00346436018493575
12190 0.00287594282972704
12200 0.00224840612061818
12210 0.0024083037579934
12220 0.00177835041493052
12230 0.00124840483748948
12240 -9.01056050772661e-05
12250 -1.52296712494256e-05
12260 -0.00115664935723465
12270 -0.00167007246230316
12280 -0.00188186387000222
12290 -0.00258986535341502
12300 -0.00262032778341317
12310 -0.00259499149568954
12320 -0.00241988219810555
12330 -0.00256798267930168
12340 -0.00162608666753279
12350 -0.000740905512428445
12360 -0.000774497300288532
12370 0.000217013783334429
12380 0.00077965193888846
12390 0.000759438828495158
12400 0.00113407975790943
12410 0.00053537556381832
12420 0.00182092983214579
12430 0.000743404515581711
12440 0.00179630170119096
12450 0.00196120752329292
12460 0.00247117604780653
12470 0.00166739612662705
12480 0.00112834851598482
12490 0.00160540125244731
12500 0.000521830723596213
12510 0.00180949801335478
12520 0.00064248722213448
12530 0.000204194260304721
12540 -0.000374733005809544
12550 -0.00199575000942189
12560 -0.00136110198594588
12570 -0.00159663585926128
12580 -0.00286692422168906
12590 -0.00157864965903008
12600 -0.001745763597705
12610 -0.00181271834212243
12620 -0.000651556522484514
12630 -0.00068590211174627
12640 -0.00041324366395387
12650 0.000567122019773063
12660 -0.000392906040381897
12670 0.000613252706989696
12680 0.00128963109586714
12690 -0.00075925729482035
12700 -0.000502311366095031
12710 -0.000769706047763582
12720 -0.000106427871381819
12730 -5.5217980242276e-05
12740 0.000384734160738062
12750 0.000276377597990387
12760 0.00153633919710038
12770 0.00124991077246052
12780 0.00181465223249561
12790 0.00104059797450923
12800 0.00125422789557688
12810 0.00130949210776308
12820 0.000580519878026564
12830 -0.000183334083781687
12840 -1.56422573332918e-05
12850 -3.86166538011606e-05
12860 -0.00124908041557336
12870 -0.00085454064947406
12880 -0.000945391847224028
12890 -0.00066430302618685
12900 0.000526053345379213
12910 0.00053072914808652
12920 0.000199968447864506
12930 0.000370451914896324
12940 -0.000273052704229099
12950 -0.000257411449585443
12960 -0.000289300862792571
12970 -0.00146099041204173
12980 -0.00211077034712315
12990 -0.00207275591653702
13000 -0.00258104103855467
13010 -0.00124532989304933
13020 -0.00159342759405313
13030 -0.000142896280649417
13040 0.000989475168613528
13050 0.000842732841811085
13060 0.00209255113836488
13070 0.00253745420358892
13080 0.00308711086339184
13090 0.00180643901391469
13100 0.00197159835494141
13110 0.00160303769331349
13120 0.00109933578070732
13130 0.000111867768528037
13140 0.000150691162387056
13150 0.000274284748477815
13160 -0.000365872472579257
13170 -0.000223147818722289
13180 0.000184173891819036
13190 0.000674649696940226
13200 0.000166162313014783
13210 0.000126116883315736
13220 -0.000794384974392145
13230 -0.00142129112883116
13240 -0.00323139505280033
13250 -0.00359456698892765
13260 -0.0028958288340407
13270 -0.00329844219048181
13280 -0.00352380783165902
13290 -0.00329208421295442
13300 -0.00208746948496697
13310 -0.000138172466548347
13320 0.00117511179057911
13330 0.00241265607216462
13340 0.00296161339911545
13350 0.00303289819801988
13360 0.00394430700586222
13370 0.00357989800366525
13380 0.00361534357675077
13390 0.00288344900704703
13400 0.0021186650869148
13410 0.000741176844303366
13420 0.00051129638940443
13430 0.00158171803281803
13440 -0.000473001026304067
13450 0.000237739828149732
13460 0.000224596492445931
13470 -0.000462812812736954
13480 -3.74379277277542e-05
13490 -0.0017610235712661
13500 -0.0021013027279655
13510 -0.00259752879477139
13520 -0.00320635137004221
13530 -0.00359095013476133
13540 -0.00408937792220709
13550 -0.00428370750896359
13560 -0.00332702465592797
13570 -0.00307157850705326
13580 -0.00164144463437621
13590 -0.000461438104820238
13600 -0.000507999098217447
13610 0.0017757875211557
13620 0.002780277520226
13630 0.00396258449954605
13640 0.00381378627720419
13650 0.00428913904464091
13660 0.00330402340804382
13670 0.00459682552723628
13680 0.00304202008428654
13690 0.00202788059626022
13700 0.00202345634338194
13710 0.000962346594623543
13720 0.000884112943784021
13730 -0.00117775424816054
13740 -0.000195322396098041
13750 -0.000714313163382543
13760 -0.00201668039474975
13770 -0.00208660802309729
13780 -0.0028138496625187
13790 -0.00299739629647022
13800 -0.00402597993659422
13810 -0.00422983090523061
13820 -0.00399611755146067
13830 -0.00376897805353853
13840 -0.00278007675527859
13850 -0.00183491402683569
13860 -0.00192961630807773
13870 -0.000297459577157937
13880 0.00132771869995132
13890 0.00127781193543097
13900 0.00280562564129483
13910 0.00364048585757622
13920 0.00417564231137946
13930 0.00385666617884781
13940 0.00468351578034005
13950 0.00434032907548794
13960 0.00321271779541262
13970 0.00281112559565068
13980 0.00085863712494961
13990 0.000675211874218961
14000 0.000628296442899716
14010 -0.000324532755470589
14020 -0.00113433353186097
14030 -0.00199948954687851
14040 -0.00200045851227853
14050 -0.00211614678641974
14060 -0.00323482170129324
14070 -0.0035661215472549
14080 -0.00389374576673091
14090 -0.00293116204163011
14100 -0.00388087427949647
14110 -0.00255902499875318
14120 -0.0017052524419071
14130 -0.00176440683256493
14140 -0.0010072944686966
14150 -1.90985817624632e-05
14160 0.000793942163010838
14170 0.00173596779461552
14180 0.00227384890497156
14190 0.00345534819815382
14200 0.00315112743078126
14210 0.00289489228276157
14220 0.00332453957904685
14230 0.00268742951920405
14240 0.00282408117766633
14250 0.00204156538964458
14260 0.000794912012634338
14270 0.00102541574387455
14280 0.000752849076808578
14290 0.00026195103767355
14300 -0.000874082443792724
14310 -0.00141192450380626
14320 -0.00165052376908833
14330 -0.0028533221857506
14340 -0.00280144322034764
14350 -0.00224780659974025
14360 -0.00259274009729978
14370 -0.00263209560802761
14380 -0.00242725547386798
14390 -0.0013460427341846
14400 -0.00160615732312746
14410 -0.000528966540924319
14420 0.000837418330791228
14430 0.0014844838357933
14440 0.00088844081318707
14450 0.000352291933202009
14460 -0.000341894810266589
14470 0.00141136908698251
14480 0.00116701923424944
14490 0.00128471032918591
14500 0.00105983650362627
14510 0.00168139257806096
14520 0.00155807262910961
14530 0.00185670099645774
14540 0.00157023414000231
14550 0.00139621331905848
14560 0.00109143396015085
14570 0.000764813680545533
14580 -0.000258064721384874
14590 -0.000357347192935787
14600 -0.00108424491379681
14610 -0.00118320506600194
14620 -0.00145043878593552
14630 -0.00187416347195892
14640 -0.000764754987295977
14650 -0.000823609049337665
14660 -0.00072804740937521
14670 -0.000208455259833388
14680 -0.000499900617093724
14690 0.000818131805632936
14700 0.00061525648208343
14710 0.000358854452459878
14720 0.000118493455875507
14730 0.000535033655234888
14740 0.000157086256545789
14750 -3.73126619094877e-05
14760 -0.000465748594423604
14770 -0.00111144508781931
14780 -4.09521358460951e-05
14790 -0.000128645575485977
14800 0.000922809585316594
14810 0.00135204956798666
14820 0.00108529668641235
14830 0.00227628890772161
14840 0.00153057706546679
14850 0.00125924769598372
14860 0.000791776557642667
14870 0.000210165806120154
14880 0.000802652273145371
14890 -0.000158678866400327
14900 -0.000786024725115474
14910 -0.000585951898886551
14920 -0.000345040902704249
14930 -0.000489201368103478
14940 -0.00080125324552453
14950 0.000831586477716479
14960 0.000481381304785851
14970 0.000530638372783159
14980 0.00130114341445018
14990 -0.000864814984397049
15000 -0.0012040420108026
15010 -0.000829842723968645
15020 -0.00232186349512113
15030 -0.00178720311677532
15040 -0.00281992896194486
15050 -0.00266247275502558
15060 -0.00279296174614752
15070 -0.00127887609273927
15080 0.00015723148719853
15090 0.000324428617763712
15100 0.00174316360521522
15110 0.00251604448577571
15120 0.00337263324181855
15130 0.00269340803803091
15140 0.00232294365895154
15150 0.00247221909217343
15160 0.00164883557653702
15170 0.00101254611069683
15180 0.000946981347818945
15190 -3.30655190357683e-05
15200 0.000512831609380033
15210 2.33792653767254e-06
15220 0.000222165030314647
15230 -0.00073898253976665
15240 -0.000344920942337127
15250 0.000829550501648732
15260 -0.000606537292724347
15270 -0.00117802946084177
15280 -0.00257563708670203
15290 -0.00280653318914915
15300 -0.00284250850864652
15310 -0.00353015490038144
15320 -0.00347108546820553
15330 -0.0038806688498603
15340 -0.00266198034006038
15350 -0.0020058690915192
15360 -0.000114065608346793
15370 0.000784453550424565
15380 0.00159335210682081
15390 0.00298421649290881
15400 0.00392557449905911
15410 0.00443324825467647
15420 0.00394037081463784
15430 0.00326237009512937
15440 0.00332922857279634
15450 0.00265446961848468
15460 0.00145877396685476
15470 0.00121269223773897
15480 0.00104039375142934
15490 -0.000117760300563965
15500 -0.000259990235061922
15510 -0.000985494480725808
15520 -0.00108540105036087
15530 -0.000775799370123047
15540 -0.000891912317186908
15550 -0.00225130315531295
15560 -0.00309086295863637
15570 -0.0034157339081498
15580 -0.00367052049684609
15590 -0.00485028936766543
15600 -0.0036715952781306
15610 -0.00323286123640826
15620 -0.00301775763318009
15630 -0.00206897631736184
15640 -0.000550594468228687
15650 0.000350649462277474
15660 0.00189976746096384
15670 0.00321112701801693
15680 0.00329510084364953
15690 0.00480074206354827
15700 0.00364956085008387
15710 0.00463913130911304
15720 0.00295814954316141
15730 0.00333016025013856
15740 0.00223219059349908
15750 0.000957114004946084
15760 0.0020474827749102
15770 0.000128744279294335
15780 0.000499924325401881
15790 -0.000548821476054154
15800 -0.00132633089322689
15810 -0.00114368346740988
15820 -0.00185153335801189
15830 -0.00200219056511951
15840 -0.00218768268640699
15850 -0.0033932862868926
15860 -0.00383116219372401
15870 -0.00368516788153791
15880 -0.0024882579155579
15890 -0.00348306640786514
15900 -0.00230105778598892
15910 -0.00179669786240445
15920 8.91623873521757e-05
15930 0.00105091319871131
15940 0.00183824906792709
15950 0.00330798828482772
15960 0.00362551905715832
15970 0.00431683046565782
15980 0.00412222032114155
15990 0.0046495701140055
16000 0.00385117761554161
16010 0.0038373480194242
16020 0.002434661666806
16030 0.00130183865043235
16040 0.000828275148287109
16050 0.000464018342049266
16060 0.000169263090921201
16070 -0.000758273403317606
16080 -0.00202731545450335
16090 -0.00226705072857346
16100 -0.00222904690556881
16110 -0.00337498740451695
16120 -0.00351548667521621
16130 -0.00325969675233066
16140 -0.00294225366364979
16150 -0.00210895457339792
16160 -0.00322029879163818
16170 -0.0024950358061285
16180 -0.00191197450652296
16190 -0.000397240455302743
16200 -0.000279056079422155
16210 0.00064570599793099
16220 0.00182187150420641
16230 0.00231145759188163
16240 0.00262184160989383
16250 0.00264192739818798
16260 0.00302650617523042
16270 0.00293998756217142
16280 0.00261995063112532
16290 0.00266577125288661
16300 0.00245036194266001
16310 0.000900320126504435
16320 0.00104841077310206
16330 8.32747990367178e-05
16340 -0.000629020058691866
16350 -0.000627204550799031
16360 -0.000772227136356468
16370 -0.002203876630408
16380 -0.00245779345308035
16390 -0.00273270566222245
16400 -0.00213385123397221
16410 -0.00339305986201717
16420 -0.0027277535216563
16430 -0.00164829856932142
16440 -0.00117568654175175
16450 -0.000257484085732699
16460 -4.47772302535948e-05
16470 0.000534754889374828
16480 -8.63094351648334e-06
16490 0.000814622810113459
16500 -0.00010038677965151
16510 0.00114200467626212
16520 0.000572782399030635
16530 0.00117933679461912
16540 0.00103878282996269
16550 0.00100669407211805
16560 0.00152534581065948
16570 0.00186794975105945
16580 0.00218901957877121
16590 0.00146988691915002
16600 0.00145003600668079
16610 0.00132932530315053
16620 0.000345575270360154
16630 0.000319609244767719
16640 -0.00013310670052972
16650 -0.00138556140130408
16660 -0.00132606395609519
16670 -0.00193500070289844
16680 -0.00100464575947409
16690 -0.00120663055728365
16700 -0.00111041601192401
16710 -0.0013716128887099
16720 -0.000552272068326788
16730 -6.05047623313753e-05
16740 0.000599459911987797
16750 0.000594010799307131
16760 -0.000566949708640235
16770 -0.000122985680988088
16780 8.71372945129752e-05
16790 -0.000664906667775836
16800 -0.000290791920052381
16810 -0.0013562612676237
16820 -0.000829182450389938
16830 -0.000229064006951819
16840 0.000311918974746258
16850 0.000447592182052623
16860 0.00143553885447726
16870 0.00161923496751205
16880 0.00207358254547935
16890 0.0010400809592736
16900 0.000641922526366853
16910 0.00250938971701565
16920 0.000571083744981438
16930 -7.15893300495352e-05
16940 0.000481742839194716
16950 -0.000535870734248642
16960 -0.00129948667894801
16970 -0.00084073946579498
16980 -0.0011470164141975
16990 -0.000521332656916115
17000 -0.000202522711390978
17010 0.000461952863225821
17020 0.000183172469758923
17030 0.000315289906736383
17040 -0.000332638284311542
17050 -0.000260049170990091
17060 -0.00172824799870442
17070 -0.00247834487524435
17080 -0.00280488479332553
17090 -0.00291783750583463
17100 -0.00260216681581712
17110 -0.00201174367651786
17120 -0.00121517901791329
17130 -0.000265767083271191
17140 0.000941716263465635
17150 0.00150756635088952
17160 0.00265028071566356
17170 0.00231259405732687
17180 0.00204279548858909
17190 0.00219527251131655
17200 0.00304432802591314
17210 0.0024478113979146
17220 0.0013562405113487
17230 0.00156838318486085
17240 0.000317042350979823
17250 0.00047965863389215
17260 -0.000137147586388326
17270 5.75154531793968e-05
17280 0.000327253824597151
17290 -0.000467653219253125
17300 0.000383770769538848
17310 -0.00147280164381784
17320 -0.00129410455186811
17330 -0.00156477241127383
17340 -0.00289403600192024
17350 -0.00391383246849133
17360 -0.00405300824771859
17370 -0.00378983245183406
17380 -0.00392349738288147
17390 -0.0031397868564792
17400 -0.0016869242930409
17410 -0.000938128939085572
17420 8.11005105290385e-05
17430 0.00210403053186888
17440 0.00264036430114664
17450 0.00415262248041482
17460 0.00437353766479017
17470 0.00417210539064417
17480 0.00346400572084444
17490 0.00355389952988725
17500 0.00205326591283683
17510 0.00165418585503938
17520 0.00107241810026865
17530 0.000723148117892476
17540 0.000464549150152705
17550 4.07106699481402e-05
17560 -0.000180528610173098
17570 -0.000310951086154566
17580 -0.000613177288446656
17590 -0.00110109202947416
17600 -0.00103374246078323
17610 -0.00299171654078902
17620 -0.00365558971389863
17630 -0.00348826080118718
17640 -0.0036530238217433
17650 -0.0043929477361503
17660 -0.00349007662959815
17670 -0.00200494544806913
17680 -0.00128203038883852
17690 -0.000187358633304099
17700 0.000664592307773366
17710 0.00190293841917561
17720 0.00411253022893927
17730 0.00375834391700787
17740 0.00456001638028778
17750 0.00535739489115761
17760 0.00459818035405011
17770 0.0042454017186068
17780 0.00271472451885299
17790 0.00237389778399964
17800 0.00139891911947196
17810 0.000356703031610572
17820 0.000429428842133198
17830 -0.000608655189646648
17840 -0.000276432011391104
17850 -0.00155496291761028
17860 -0.00220780375109031
17870 -0.00235384464635902
17880 -0.00245310909595631
17890 -0.00344975124732247
17900 -0.00324868241938267
17910 -0.00421155272725166
17920 -0.00369346193448429
17930 -0.00279278377522448
17940 -0.00259163581382026
17950 -0.00149709702657432
17960 -0.000536647974482525
17970 0.000657369051316237
17980 0.000852044656786516
17990 0.00164539480940941
18000 0.00262894118690474
18010 0.00389160615585796
18020 0.00258502015063907
18030 0.00376763886961344
18040 0.00387979965288205
18050 0.00288896495770419
18060 0.00338189060870657
18070 0.00238108277732476
18080 0.00135856178236264
18090 0.00069673207079999
18100 0.000328723819639745
18110 0.000105731354322992
18120 -0.000788061827728389
18130 -0.00229378348092191
18140 -0.001344855867167
18150 -0.00233016382929729
18160 -0.00235954311715527
18170 -0.00382910360191284
18180 -0.00300753889738094
18190 -0.00249410427021166
18200 -0.00368252514455461
18210 -0.00304153902766664
18220 -0.00206547013154856
18230 -0.000629520631223689
18240 -0.000195675058532583
18250 0.0004144357725701
18260 0.000607896754321714
18270 0.00163345812651746
18280 0.00184376916482454
18290 0.00192766823184477
18300 0.00167590814318505
18310 0.00280178697804567
18320 0.00232458968643559
18330 0.00341335419170879
18340 0.00239729072210297
18350 0.00216582833905544
18360 0.00287264045789891
18370 0.00104633415722504
18380 0.000287932633387503
18390 -0.000112282810520265
18400 -0.000814176247457508
18410 -0.00164917221270669
18420 -0.00218445013408485
18430 -0.00209573185831288
18440 -0.00236667211952698
18450 -0.00218845082958296
18460 -0.00199131339813401
18470 -0.0027990102163861
18480 -0.00133674325495328
18490 -0.00205746273823863
18500 -0.0012637005494694
18510 0.000447739904293016
18520 -6.311809499974e-06
18530 0.000808182877665027
18540 0.000881809460428444
18550 0.00117041175024219
18560 0.000409628701497685
18570 0.000579227285086213
18580 0.000310091580572628
18590 0.000195980587831864
18600 0.00148280465693509
18610 0.00136651332893195
18620 0.000947101217636721
18630 0.000959807932387939
18640 0.00290566780563471
18650 0.00140864961777995
18660 0.000985928383970369
18670 0.00132327908914971
18680 -0.000381574848162647
18690 -0.000582237325855747
18700 -0.000567434699177446
18710 -0.00158777114125586
18720 -0.00135496087443433
18730 -0.00188479541161018
18740 -0.00129269839217323
18750 -0.00097963339638647
18760 -0.00122399130096389
18770 -0.000251579355638475
18780 0.000134438984082766
18790 0.000259958293695084
18800 -8.79595346359747e-05
18810 0.000456820345663033
18820 -0.000306621332876791
18830 -0.000289635009980892
18840 -0.00167167841833795
18850 -0.00135610688807201
18860 -0.000942346891522584
18870 -0.000296245218542641
18880 -0.000204615545295079
18890 0.000391753504781213
18900 0.0010903658025453
18910 0.000349807010239989
18920 0.00201503771973319
18930 0.00189253238677164
18940 0.0022984487126549
18950 0.00219848585944921
18960 0.00173784213861795
18970 0.00089566142804148
18980 0.000671532026171146
18990 0.000340711777980463
19000 -0.000336771468739461
19010 -0.000359855242846533
19020 -9.79190106919243e-05
19030 -0.000196772534083205
19040 0.000195644087334654
19050 0.000456523300460073
19060 -0.000313447885139579
19070 0.000178764251588488
19080 -0.000375095756203552
19090 -0.00107688598797834
19100 -0.00108441891020776
19110 -0.00175905958238224
19120 -0.00216375933395661
19130 -0.00303509583092243
19140 -0.00206691421420938
19150 -0.00327885123399824
19160 -0.00195957755053755
19170 -0.00130116328983646
19180 0.000317972699805125
19190 0.00125140153801577
19200 0.00196894363638545
19210 0.00268424816351064
19220 0.00349869844867145
19230 0.00325585194406182
19240 0.00321254395584534
19250 0.00252546604789659
19260 0.00121054705411014
19270 0.00161175494521036
19280 0.000944257573298895
19290 -0.00010605065484945
19300 -0.000334358757520048
19310 0.000448126181336399
19320 -0.000448047672000775
19330 0.000658020300106098
19340 0.000297071573316945
19350 0.000215066425762225
19360 -0.000673882428835934
19370 -0.00207142886339758
19380 -0.00269180339518363
19390 -0.00275863789458652
19400 -0.00385590521248384
19410 -0.00430564197293235
19420 -0.00398957137482677
19430 -0.00370609407856924
19440 -0.00325456513829638
19450 -0.00167783100780459
19460 0.000386120850919732
19470 0.000770788262819476
19480 0.00191076381298776
19490 0.00213260519947382
19500 0.00392402829988641
19510 0.00483186168332745
19520 0.00428605922739103
19530 0.00328817294713231
19540 0.00277068124383752
19550 0.0030294903826723
19560 0.0018676021746131
19570 0.0007664932255967
19580 -0.000407227850093176
19590 -0.000713071703025447
19600 0.000265620492266446
19610 -0.000405841085825263
19620 -0.000716630748471962
19630 -0.000937790276132724
19640 -0.00161007497062056
19650 -0.0020959552861993
19660 -0.00235140308569963
19670 -0.00419355716518405
19680 -0.00436856352893517
19690 -0.00395833580429502
19700 -0.00427077062392301
19710 -0.00369027820507308
19720 -0.00235138624113828
19730 -0.00121455792604733
19740 -0.000961069834727868
19750 0.00125034278876228
19760 0.00285411702009531
19770 0.00330523475998733
19780 0.00436918728576584
19790 0.00415487843681287
19800 0.00438615435984958
19810 0.00397724307782426
19820 0.00337704133888
19830 0.00312497796437705
19840 0.00247374322274527
19850 0.00188762077703934
19860 0.000505817317298851
19870 0.000439267504699808
19880 -0.00104517876097305
19890 -0.00111897271198715
19900 -0.00211683627095345
19910 -0.00208910936847427
19920 -0.00230920403699362
19930 -0.00296416135360746
19940 -0.0031445397532978
19950 -0.004608330819405
19960 -0.00346223363783741
19970 -0.00359273417869062
19980 -0.00258728013720322
19990 -0.00184846764136549
20000 -0.00195495220692171
20010 -0.000519419406426305
20020 -5.58593007209462e-05
20030 0.0014554513768808
20040 0.00206799371019493
20050 0.00342335120263732
20060 0.00322283100141034
20070 0.00278978424134435
20080 0.0043326954802044
20090 0.00364608446315428
20100 0.00329720920486923
20110 0.00271962865145283
20120 0.00269471914572224
20130 0.0017960818156899
20140 0.000960958153354546
20150 -0.000141578807888596
20160 -7.59203709872238e-05
20170 -0.00159201975479894
20180 -0.00130773819704319
20190 -0.00223040250634117
20200 -0.00249926440650939
20210 -0.00340012983220478
20220 -0.00331872596719588
20230 -0.00274668082487945
20240 -0.00304773830666473
20250 -0.00305214260606696
20260 -0.00170373803538438
20270 -0.000952605003083117
20280 -0.00128567599772773
20290 -0.000486532546838125
20300 0.000988606465146756
20310 0.00141887200842181
20320 0.00159008729077132
20330 0.00257086837411465
20340 0.00259924730397569
20350 0.0015470489962744
20360 0.00286630648935805
20370 0.00216656629011297
20380 0.00197231926171138
20390 0.00143043925419789
20400 0.0015524185229744
20410 0.00118524901071199
20420 0.000686969610161488
20430 0.000580569539908436
20440 0.000362430278752628
20450 -0.00147534427843046
20460 -0.00111117677394671
20470 -0.00286547356452981
20480 -0.00245068908464684
20490 -0.00222506569789691
20500 -0.00257085528736506
20510 -0.00222991395586601
20520 -0.00200447741747843
20530 -0.00169396189091591
20540 -0.00124087686864952
20550 -0.000577501432864187
20560 0.000740852177802627
20570 0.000534865801143803
20580 0.000412362359065088
20590 -0.00011003571107548
20600 0.0014420320386422
20610 0.00137126356941112
20620 0.00111214054486591
20630 1.10159465642495e-05
20640 0.000786844511448602
20650 0.000566390906132424
20660 0.000888461136449297
20670 0.00121355325297145
20680 0.00148484054739444
20690 0.00134975708827627
20700 0.00130491152432964
20710 0.000614387750774287
20720 0.000774007041225438
20730 0.000248071542525225
20740 -0.000612631280728402
20750 -0.00061285244027664
20760 -0.000510352174799328
20770 -0.00230204516953628
20780 -0.00148747703209348
20790 -0.0009870421634412
20800 -0.000953557605409472
20810 -0.000731821833247446
20820 -0.000695000555715484
20830 0.000280763678465555
20840 -0.000561932943977192
20850 0.000807541636385065
20860 0.000374613524251636
20870 -0.000660143045395327
20880 -0.00100508183098529
20890 -0.000796650994062501
20900 -0.00186794855592034
20910 -0.00240623064819446
20920 -0.00101511996707922
20930 -0.000293234944378255
20940 0.000132412237640886
20950 0.00106858201152691
20960 0.00119751254632233
20970 0.00211587606422368
20980 0.00185965697724775
20990 0.00227452007314892
21000 0.0014958139916477
21010 0.00184484572359424
21020 0.000799403896355362
21030 -0.000119116235628235
21040 9.08836204270022e-05
21050 1.47441354433483e-05
21060 -0.000635597748084933
21070 -0.000454974155832567
21080 -0.000590402257566254
21090 0.000304201555355779
21100 1.30228612367073e-05
21110 0.000807454199891456
21120 -6.4578364249465e-06
21130 0.00038672638626375
21140 -0.000184242786274789
21150 -0.00152880364622604
21160 -0.00184062012774435
21170 -0.00273837983754409
21180 -0.00347677743211483
21190 -0.00349143278246014
21200 -0.00132717431796272
21210 -0.00184244285181788
21220 -0.0010606870199143
21230 -0.000764308491459325
21240 0.0016464597108471
21250 0.00289597535603547
21260 0.00299899447377078
21270 0.00310616742419239
21280 0.00387245976496993
21290 0.00317279575806392
21300 0.00194090569834689
21310 0.00189614249660448
21320 0.00103277890781429
21330 0.00101981848276371
21340 0.0011767589538113
21350 6.47282926553755e-05
21360 0.000796282204183154
21370 0.000279107430249654
21380 -0.000712293038905227
21390 -1.41407505596537e-05
21400 0.000116776164548125
21410 -0.00164548583126746
21420 -0.00111722739555699
21430 -0.0020130179341199
21440 -0.00343521259137656
21450 -0.00412447714298069
21460 -0.00388116131801877
21470 -0.00361630835376848
21480 -0.00371883472260979
21490 -0.00182853885160466
21500 -0.00175931353729019
21510 -0.000497220949442966
21520 0.000290897908922004
21530 0.00274806427349531
21540 0.00323585139220209
21550 0.0038254102296626
21560 0.00426270393066911
21570 0.00403333068661897
21580 0.002838383541509
21590 0.00306640497257523
21600 0.00272729185922874
21610 0.00141914571217006
21620 0.000615027064109474
21630 0.000601997581380291
21640 0.000427761333743967
21650 -0.000602533659147001
21660 -0.000861863645215979
21670 -0.000502947795867632
21680 -0.0015090599108339
21690 -0.00233591546054788
21700 -0.00198379582972067
21710 -0.00307330708710142
21720 -0.00336857701386708
21730 -0.00399516479502515
21740 -0.0035571876862466
21750 -0.00412877297786729
21760 -0.00381337107902156
21770 -0.00206619710690406
21780 -0.000227349899584471
21790 3.06632532306426e-05
21800 0.00175399449097686
21810 0.00277843766946716
21820 0.00352894297382918
21830 0.00408949889913021
21840 0.00421856341708419
21850 0.00375997911825308
21860 0.00410685824825454
21870 0.00359491104659054
21880 0.00286684420845387
21890 0.00196959696943534
21900 0.00110286992532477
21910 0.000624557729485637
21920 0.000643768239999467
21930 -0.000560307701378979
21940 -0.00113050555927045
21950 -0.00175272937735982
21960 -0.00103391380580141
21970 -0.00328468346503213
21980 -0.0029520931271485
21990 -0.00356220698089096
22000 -0.00328798032066631
22010 -0.00348642934389157
22020 -0.00355912160013657
22030 -0.00226070161809396
22040 -0.00245670280291913
22050 -0.00153908165020969
22060 -0.000181882188667151
22070 0.00103646858041004
22080 0.00145096535189471
22090 0.00244687878017792
22100 0.00194740369393522
22110 0.0030419326625556
22120 0.00272152193458297
22130 0.00371215570662033
22140 0.00391774184599144
22150 0.00354020465745852
22160 0.00149254821015147
22170 0.00243095264145416
22180 0.000911050445362819
22190 0.000898206449091242
22200 0.000213595951263601
22210 -0.00069081639500346
22220 -0.00127347439320777
22230 -0.00202575132335728
22240 -0.00333669330563319
22250 -0.0031375448206241
22260 -0.0032760511550771
22270 -0.00305824972011807
22280 -0.00294957659647557
22290 -0.00247349695062785
22300 -0.00253563267011538
22310 -0.00221908104200435
22320 -0.00224024746818989
22330 -0.000626199169798177
22340 -0.000455347116583962
22350 0.00096632706852305
22360 0.00200241226202127
22370 0.000774445063781235
22380 0.00107991896123879
22390 0.00167455457310099
22400 0.00176176750941417
22410 0.00251909799778863
22420 0.00282654225708106
22430 0.00258951837276974
22440 0.00241089114908025
22450 0.00187372786763391
22460 0.00160206927986177
22470 0.000473887526196425
22480 0.000826591665798336
22490 -0.000290652825492614
22500 -0.000798439193399323
22510 -0.00158082673162971
22520 -0.00190888919081348
22530 -0.00222228216708207
22540 -0.00169048852142393
22550 -0.00320632690538143
22560 -0.00193462078418848
22570 -0.00209829043915915
22580 -0.00135730533153909
22590 -0.000773545030253975
22600 0.000281598197561908
22610 -0.00038610533113564
22620 0.000312954311303886
22630 -6.47456807246735e-05
22640 0.00114766875540919
22650 0.000179182169945858
22660 -0.00020513073936709
22670 0.000194035750696152
22680 0.00094308178621412
22690 0.000414190757539484
22700 0.000382423817504063
22710 0.00127460353233383
22720 0.0016833157409553
22730 0.000853751244540045
22740 0.00177147838452257
22750 0.00167891095461518
22760 0.00156542816339889
22770 0.000769315888255356
22780 -0.0001301901883855
22790 -0.000480297777646366
22800 -0.00151869649455809
22810 -0.00197058051198447
22820 -0.00198658186459625
22830 -0.0013138731777468
22840 -0.00130387077718801
22850 -0.00101015711228211
22860 -0.000154632905692933
22870 -0.000384131682402782
22880 0.000200390468963405
22890 4.16281265372045e-05
22900 0.000952647150557931
22910 -0.000239054469374281
22920 -0.000360916809442339
22930 -0.00078164012073031
22940 -0.00176368930746171
22950 -0.00195395513958417
22960 -0.00198139890409869
22970 -0.0013211282879103
22980 -2.07737312962308e-06
22990 -0.000455380052978166
23000 0.00040678153341903
23010 0.00185938321442761
23020 0.00151032780498204
23030 0.00207441002978387
23040 0.00202241115395182
23050 0.00151921729874793
23060 0.00267548863333672
23070 0.00105655380068403
23080 0.000782640991247558
23090 -0.000490782199386751
23100 0.000680290829633016
23110 0.000574721127222056
23120 0.000161207705484664
23130 -0.000717418721878111
23140 -0.000253132845073323
23150 -0.000721135436444349
23160 0.000445804402227954
23170 0.000301174149092444
23180 -5.44023964257304e-05
23190 -0.000979666260471138
23200 -0.00120322916090308
23210 -0.00189242217156979
23220 -0.00317492435662004
23230 -0.00338484072176811
23240 -0.00363930275274351
23250 -0.00324666041800443
23260 -0.00195360265507729
23270 0.000577903920312844
23280 0.000529291295576805
23290 0.00106200009082868
23300 0.00181208718594195
23310 0.00323801502385045
23320 0.00368904299232895
23330 0.00387470992939108
23340 0.00335734824654726
23350 0.00285120218136172
23360 0.00199300706363051
23370 0.000947836285952334
23380 0.000663021648143809
23390 0.000702242427952746
23400 0.000176465778733279
23410 0.000677969549212237
23420 -5.96662253150067e-05
23430 6.61047346631968e-05
23440 -0.000148996604686341
23450 -0.000863042948796145
23460 -0.00128551261844799
23470 -0.00148322729225303
23480 -0.00301176090563653
23490 -0.00260381758141647
23500 -0.00291616382847445
23510 -0.00347649883633137
23520 -0.00329047540823721
23530 -0.00385918622347856
23540 -0.00312192794439316
23550 -0.00197588644866556
23560 -0.00065191519751495
23570 0.00110729343963198
23580 0.00294381256385673
23590 0.00353792007818001
23600 0.00329668023133887
23610 0.00500819520650256
23620 0.00449183736845149
23630 0.00340465765856338
23640 0.0021535197836918
23650 0.00197227143041231
23660 0.00153863224949981
23670 0.0010708158457573
23680 0.000374671445088546
23690 -0.000240576712430165
23700 -0.000851788785290907
23710 -0.000813290579348116
23720 -0.00109243110162188
23730 -0.0010567217058174
23740 -0.00174759258856053
23750 -0.00242329131696359
23760 -0.00348220009551196
23770 -0.00320671500337518
23780 -0.00401085063995717
23790 -0.00381234843096058
23800 -0.00306993127063548
23810 -0.00216829424301313
23820 -0.00234041028910509
23830 -0.00117455052755419
23840 -0.000223218215607524
23850 0.00111789380437847
23860 0.00241871901932107
23870 0.0031777530191398
23880 0.00429768550138916
23890 0.00363733843166165
23900 0.00457974007937526
23910 0.00501136737711488
23920 0.00342583751760957
23930 0.00291061408646591
23940 0.00196408212845395
23950 0.00167958190302738
23960 0.000620023122136016
23970 -0.000190655889313049
23980 -0.000860708764679092
23990 -0.00143041771644416
24000 -0.00172096102968888
24010 -0.00202072182025631
24020 -0.00239263283906328
24030 -0.00332232508911243
24040 -0.00372217456721554
24050 -0.00348682331113473
24060 -0.00424796650606718
24070 -0.00271116475755269
24080 -0.00283029747890221
24090 -0.00295050633737529
24100 -0.000812128103600727
24110 -0.00100880972504884
24120 0.000254290997500122
24130 0.000782031828411652
24140 0.00160145536272942
24150 0.00276975909875212
24160 0.00333374547237853
24170 0.00360924073974622
24180 0.00311703719965282
24190 0.00346939947788112
24200 0.00232164850104409
24210 0.00171440951872265
24220 0.00194520538954712
24230 0.00151928487218503
24240 0.000678200107753759
24250 -0.000845572211288965
24260 -0.00092165714082002
24270 -0.00102195128284646
24280 -0.0020449626750017
24290 -0.00275474469514933
24300 -0.00203420554056641
24310 -0.00254652813498644
24320 -0.00269677038072523
24330 -0.00283111398200233
24340 -0.00268030977536268
24350 -0.00199731777245946
24360 -0.00233848187319522
24370 -0.000890572852021528
24380 -0.00105979142264838
24390 -0.0002591800898417
24400 0.000388979557309875
24410 0.00174455848065055
24420 0.00162657167608539
24430 0.00168787706181625
24440 0.00177078222312516
24450 0.00166232098085414
24460 0.00240884715638812
24470 0.00200996012466831
24480 0.00147876033930903
24490 0.00142051724616333
24500 0.00110146942834374
24510 0.00114202096622663
24520 0.000654677921620606
24530 0.000990042016962675
24540 0.000528317067336448
24550 -0.000238506062759436
24560 -0.00168368818941749
24570 -0.00192393928868696
24580 -0.00200985731813726
24590 -0.00217579214240835
24600 -0.00156333829452103
24610 -0.00276342566092229
24620 -0.00193154840745932
24630 -0.000488201019072462
24640 -0.000886318695654597
24650 0.000167639090248784
24660 -0.000200245592399336
24670 0.000658236264269114
24680 0.00132357200143423
24690 -0.000284520743978907
24700 0.000248986110833127
24710 -0.000399089828376028
24720 9.00400831789664e-05
24730 -0.000135372447763281
24740 0.000469509347663188
24750 0.000474937721196667
24760 0.00065089873711049
24770 0.00182522528428443
24780 0.00186682628881795
24790 0.00079145620352721
24800 0.00165952820338199
24810 0.000723323054598763
24820 0.000387548635063701
24830 0.000152481201059821
24840 -0.000414524819881857
24850 -0.00142123384115146
24860 -0.00196746996671225
24870 -0.00180363091415066
24880 -0.00120857337597653
24890 -0.000401052790312468
24900 -0.00116136754733044
24910 -0.000772262595922263
24920 0.000890289924943964
24930 0.000930305685156852
24940 0.000518146838030696
24950 0.000187341641203498
24960 -0.000221897657478319
24970 -0.000251331932407003
24980 -0.000683423711386147
24990 -0.00130349489620203
25000 -0.00313824432432149
25010 -0.00289819663990046
25020 -0.00207945796084982
25030 -0.00034081971491685
25040 -0.000689685320381086
25050 -9.00271511104014e-05
25060 0.00118136810783947
25070 0.00155787777334874
25080 0.00258729290542357
25090 0.00177708874990421
25100 0.00324537806651397
25110 0.00265415412053855
25120 0.00219417333690837
25130 0.000453196971951049
25140 0.00017043184535027
25150 0.000607883891010479
25160 0.000249735020145045
25170 0.000364481926603045
25180 -0.000347794197276393
25190 -0.000214619664320066
25200 0.000605178031310456
