0 -0.000173625774671811
10 -4.45615320921478e-05
20 0.000273914733596647
30 4.48657342124808e-05
40 0.000125465292991666
50 -2.55892138445055e-05
60 -7.21171038127016e-05
70 -0.000186607153317211
80 0.0001742422378283
90 -3.76362152589014e-05
100 0.000121151905034095
110 -2.00049565648517e-05
120 -4.49893559470577e-05
130 0.000481730887085238
140 0.000102554278379474
150 -0.000144739540524418
160 -9.60484683951166e-05
170 -0.000268361523172899
180 5.67754985800761e-05
190 7.90488056103978e-05
200 -2.73311890365853e-05
210 -8.83383881501762e-05
220 -0.000343722364271839
230 -0.000201500971439411
240 -0.000150386291898993
250 6.7046792713975e-05
260 -0.00013389271813209
270 0.000112375335858049
280 0.000171627678233659
290 -0.000128815225677804
300 0.000196257218057969
310 3.01545645318162e-05
320 -9.84466637005717e-05
330 4.29299720736313e-05
340 -8.33151602547047e-05
350 -0.000285623668100636
360 8.78801209480531e-05
370 -3.67848890095974e-05
380 4.05653382024854e-06
390 0.000171771180091185
400 0.000301221525197558
410 -0.000204443352066287
420 -0.000255263716839087
430 0.000176328391363984
440 -0.000100851235571338
450 0.000152511412935954
460 -6.68406106457208e-05
470 -0.000193362007227512
480 0.000134867576372959
490 0.000123552891152559
500 -8.46099496271864e-05
510 -0.000192254833932835
520 0.000179136454175075
530 4.81690207418577e-05
540 0.0001211354896093
550 9.28858528146849e-05
560 0.000199919687398257
570 -0.000381235693096733
580 0.000310563688814072
590 -4.42335893206163e-05
600 -8.42224572679659e-05
610 0.000230415837609991
620 -0.000194285073055342
630 0.00040447876405662
640 0.000264194688231959
650 0.000132939003062288
660 -0.000161305498339462
670 0.000253575665786345
680 2.02556727318616e-05
690 -0.000192686306771965
700 0.000105902782652004
710 0.000309877489736396
720 -0.000166253907039394
730 0.000267947209825447
740 0.000392159202602156
750 0.000252464023377577
760 -0.00039912760500129
770 -5.00805290415199e-05
780 -0.000311847390834111
790 -0.000177935207065707
800 0.000174393028290241
810 0.000167579219214295
820 -3.01765293261839e-05
830 1.35688488130626e-05
840 9.18215601928294e-05
850 0.000161920357427425
860 4.14213346125796e-05
870 -0.000310984721123596
880 0.000123637085048852
890 -0.000183713404469133
900 -0.000328332392955126
910 -9.1086183727186e-05
920 7.76923017174869e-05
930 -0.000119533042714314
940 0.000419634015050396
950 0.000120805998937906
960 -0.000131161262374843
970 -2.96217276933226e-05
980 7.89690428048374e-05
990 -0.000248628113332149
1000 -1.20102984905712e-05
1010 -0.000222790795235613
1020 0.000130090643097381
1030 3.33552342181814e-05
1040 1.02160967243364e-06
1050 -0.00032808048794622
1060 1.17430843138866e-06
1070 -0.000168415032555603
1080 5.58029514823541e-05
1090 5.52409256548918e-05
1100 -0.000152486621040795
1110 9.44168423598289e-05
1120 -0.000128202169163882
1130 -0.000438093185696744
1140 2.61798599991117e-05
1150 -0.00010065351750813
1160 -0.000248142680454296
1170 -5.71526952516796e-05
1180 -0.000259430556549796
1190 0.000159300800014157
1200 0.000154310853436966
1210 -8.01480826838531e-05
1220 5.73920143300237e-05
1230 -8.02117039969662e-05
1240 0.000219625401988506
1250 -3.95902970344066e-05
1260 0.000144962022647863
1270 -6.62903923555143e-06
1280 -0.000297316253572134
1290 1.8144422975728e-05
1300 -0.000284409601286322
1310 0.000109997638396716
1320 3.57890969713052e-05
1330 -0.000134611519083501
1340 7.98769486009976e-05
1350 0.000141238943317747
1360 0.000288138833272002
1370 -0.000192073594148955
1380 -1.57648094240623e-06
1390 0.000327330522804748
1400 -0.000263072441595855
1410 0.000100029897171519
1420 -0.000129371171108058
1430 -0.000145339274131926
1440 0.00022964472228217
1450 0.000401182875288432
1460 -0.000157710499241148
1470 4.81316426297996e-05
1480 0.000237562025514405
1490 4.74313261909648e-05
1500 6.81226527449513e-05
1510 2.49888095347517e-05
1520 -0.000384430210540419
1530 0.000168560182496037
1540 4.53617494546597e-05
1550 -5.64049056902856e-05
1560 -0.000235340115483954
1570 -0.000186113966513651
1580 -0.00024522590431607
1590 0.000214400937045032
1600 -7.2873567590657e-05
1610 4.58719946883823e-05
1620 -0.000336123244064154
1630 -0.000121166199504414
1640 -2.95596740052329e-05
1650 -0.000226790005451922
1660 0.000235933022672181
1670 -5.54084893916742e-05
1680 0.000198101396036213
1690 -1.70303775401994e-05
1700 9.89697372401072e-05
1710 -2.92166825930665e-05
1720 0.000319234508820819
1730 0.000189151868648534
1740 4.37251340417703e-05
1750 6.6966108550654e-05
1760 0.000462683297666762
1770 0.000266993435152582
1780 -0.000192288145402545
1790 7.56842977669744e-05
1800 -3.52081462206327e-05
1810 -0.000341828331824977
1820 -0.000161873824271233
1830 0.00012815682800382
1840 -4.3979684561685e-06
1850 -0.0003250976302971
1860 -5.90844325143536e-05
1870 0.000140131187916752
1880 8.3584262793142e-06
1890 5.41217235647691e-05
1900 0.000379719883501936
1910 -0.000243929882730492
1920 -0.000228787382428032
1930 -0.000272368656452106
1940 0.000150864720967313
1950 0.000386255755723878
1960 0.00025675164788285
1970 0.000270527483560536
1980 -0.000120285893602399
1990 8.14688199600855e-05
2000 -5.43553903122855e-06
2010 -9.40018535739349e-05
2020 0.000107753930500472
2030 5.74109255743639e-05
2040 7.0637252278513e-05
2050 -0.000366003396479832
2060 0.000126099235007839
2070 0.000170123837433333
2080 8.21085982079173e-05
2090 0.000199682142375851
2100 -0.000169096655629433
2110 -0.000113953280946686
2120 -0.000110099008179586
2130 -4.45354653550164e-06
2140 9.41464066272621e-05
2150 -0.000119788616030814
2160 -3.34258778907342e-05
2170 -0.000356092755899276
2180 0.000151008389978314
2190 0.000271831237143459
2200 -7.7456729227175e-05
2210 -0.000290011009706834
2220 -0.000146559714251143
2230 -6.6745997702942e-05
2240 -0.000208940032397312
2250 0.000296020123452905
2260 0.000130071281564124
2270 -0.000151381986899039
2280 6.15874733460669e-05
2290 -7.77875061548356e-05
2300 -0.000281765504304332
2310 -3.92077446250156e-05
2320 0.000108582788311936
2330 -3.80235483499139e-06
2340 9.8220303534257e-06
2350 6.71966230329632e-05
2360 -0.000191710279315513
2370 -0.000121305303831546
2380 -2.43878567529796e-05
2390 0.000164199008442221
2400 -0.000108792824801249
2410 -0.000173544375843484
2420 -0.000106563222139806
2430 -0.000161485405402544
2440 -0.000118636112916606
2450 3.5770855517265e-05
2460 -9.05869958768533e-05
2470 0.000234029650105561
2480 -0.000283661743663207
2490 -5.25078582955389e-05
2500 6.92223285845347e-05
2510 -7.93129510961652e-05
2520 0.000161334936859249
2530 -7.2440713135716e-05
2540 9.10706916289728e-05
2550 -0.000249367226969303
2560 -0.000305139793017216
2570 0.000208703356835741
2580 -6.37826859212564e-05
2590 5.22046810063321e-05
2600 -0.00042297800724181
2610 -0.000274731668254672
2620 -6.9724938005782e-05
2630 0.000101115657470613
2640 -0.000195854079220021
2650 -8.71924114355595e-05
2660 7.30200899639971e-05
2670 -0.000275772402048745
2680 3.17815206889308e-05
2690 -9.32959975358403e-05
2700 5.74006802031221e-05
2710 -0.000101329630008412
2720 -0.000267590724933269
2730 -0.000219469782745142
2740 -2.85225623252638e-05
2750 0.000129858627244057
2760 -7.43363071084617e-05
2770 4.5084935983567e-05
2780 -0.000140413406269247
2790 -0.000171190675304787
2800 -5.63221854726523e-05
2810 -0.0001280910927229
2820 0.000180970488557884
2830 0.000165319168375263
2840 0.000480167825129252
2850 0.000131635084477542
2860 -0.000115982600325221
2870 0.000517003074168491
2880 -0.000185023724994042
2890 0.000370511032488005
2900 0.000166951825939828
2910 -0.000113786397554071
2920 0.00019876627761094
2930 -0.000142527103695081
2940 -0.000472603543900326
2950 -0.000186778178222318
2960 -1.37123896809152e-06
2970 0.000160385727468051
2980 0.000289408411360199
2990 -0.000331873113882793
3000 -0.000116127233112537
3010 0.000139999281988666
3020 0.000236466302428136
3030 0.000153076112481819
3040 0.000183410835686262
3050 0.000383062885429391
3060 -7.56674788715822e-05
3070 0.000233434984289602
3080 -0.000182093651564441
3090 -4.28215227529864e-05
3100 -0.00024875623501738
3110 -1.1618934880882e-05
3120 0.000133626524182143
3130 -2.26656409684047e-05
3140 0.00013416747845389
3150 -0.000143368875841476
3160 4.17273532569841e-05
3170 0.00030642130149497
3180 -9.25226992657106e-05
3190 -6.86855652169974e-05
3200 7.91800440927734e-05
3210 -0.000246857908398597
3220 2.16134591257013e-06
3230 -0.000159715918953404
3240 0.000101903222020766
3250 -0.000530903935441439
3260 0.000113565486743194
3270 0.000141660596772515
3280 -0.00017043189996807
3290 0.000183164014240204
3300 0.000253347001168421
3310 -0.000145062932158451
3320 0.00031244963248392
3330 -0.000281447186917488
3340 0.000118083456715179
3350 -0.000173450857862065
3360 -9.53398148175756e-05
3370 -0.000224918734019372
3380 0.000222396368162904
3390 -0.000364551190554091
3400 -8.15025212821218e-05
3410 0.000143570946386874
3420 0.000392445545639476
3430 0.000132814559246496
3440 -0.0001101844511565
3450 6.26149932953705e-06
3460 -4.05866318973565e-05
3470 0.000251320410971929
3480 -4.48336693033862e-05
3490 -0.000106079750370576
3500 -0.000208754929067717
3510 -0.000108615272091762
3520 0.000335377189881667
3530 2.47439233679856e-05
3540 0.00053929613842117
3550 0.000282216101438521
3560 3.52524973483473e-05
3570 0.000510941072649088
3580 0.000103032958516309
3590 0.000267430781653518
3600 -4.38889186501215e-05
3610 0.000315243510397253
3620 0.000100345323355521
3630 0.000123041628178298
3640 -0.00016317123568589
3650 0.000111346741036671
3660 -0.00017591594536336
3670 -9.43916698678909e-05
3680 7.08649564670911e-05
3690 0.00013237869955233
3700 0.000309152834010808
3710 0.000246246332029911
3720 0.000124337544996603
3730 0.000107158675602151
3740 9.51483310778497e-05
3750 0.000323004302299845
3760 -0.000147638509225192
3770 -0.000320493447584595
3780 0.000147307766336511
3790 0.000376221192075476
3800 0.000155027027568274
3810 -7.68843184204259e-05
3820 -0.00042172071076537
3830 0.000266042653201325
3840 0.000208862949545706
3850 0.000131620149766265
3860 -0.000144523147703731
3870 0.000282566554805331
3880 0.000170268465030174
3890 -0.000249902413300862
3900 6.12287588055082e-05
3910 4.62866988404033e-05
3920 -1.52597194012755e-05
3930 -8.40785462801191e-05
3940 -0.000275404806220948
3950 -0.000682992459807116
3960 0.000364703186654255
3970 9.02732319588906e-05
3980 0.000102796626927796
3990 -3.75016109898256e-05
4000 -6.68194222409069e-05
4010 6.87697702923299e-05
4020 -0.000106425914151493
4030 -0.000335846200525605
4040 0.000155235859519486
4050 4.08271253292385e-05
4060 0.000253580744713135
4070 0.00019928076243031
4080 1.96902989752193e-05
4090 0.000121023320784175
4100 0.000115989711430422
4110 -6.91092546864018e-05
4120 -0.00010413531697379
4130 -0.000384332604869606
4140 5.20896529952458e-05
4150 5.95598622786853e-05
4160 3.46156649441093e-07
4170 -0.000104580639649178
4180 -0.000117615527507042
4190 3.0163389279972e-05
4200 4.18581505100955e-05
4210 0.000186398513067101
4220 -1.60212021762992e-05
4230 -0.000306111144552159
4240 4.68199451486563e-05
4250 -0.000193425468949727
4260 0.000258976839991948
4270 -0.000476603131341708
4280 -5.76038692468889e-05
4290 -0.000115581078283344
4300 2.56476687820127e-05
4310 0.000144200602281952
4320 -0.000113429519485588
4330 0.000162378659903811
4340 -9.50226870582319e-05
4350 0.000388074809705964
4360 -0.000283907758813484
4370 1.93392172550713e-05
4380 3.23026402016035e-05
4390 -0.000139242447596634
4400 -0.000242905165571412
4410 -2.93445902233264e-05
4420 0.000159985784048359
4430 0.000100270972530665
4440 -8.69702164918052e-05
4450 3.0141814273174e-05
4460 -0.000103489760389133
4470 -0.000346692721292592
4480 0.00011901956576261
4490 4.6777027528494e-05
4500 0.000283497172739181
4510 -2.21206585046935e-05
4520 0.000238185516216596
4530 -0.000139125426048296
4540 -0.000107757664540153
4550 -8.16631791950718e-05
4560 1.8972869525198e-05
4570 -0.000224936431390172
4580 0.000227163609578333
4590 4.82443550795142e-05
4600 -6.20005512259385e-07
4610 -0.000181138766270057
4620 0.000473334550117506
4630 -9.61285368138351e-05
4640 0.000199898942734757
4650 0.00034705092641358
4660 0.000103023063133697
4670 0.000127649217053291
4680 -0.000412730989440889
4690 -6.43495066150379e-05
4700 7.71861547280576e-05
4710 4.22790553291364e-05
4720 0.000122560146265513
4730 -0.000119668014227546
4740 -5.39159787470607e-05
4750 -0.000416275052178545
4760 -0.000178852508578869
4770 0.000432084446681288
4780 0.000511137557679716
4790 -9.90067684779735e-05
4800 2.81244789893e-05
4810 -8.48930078370729e-05
4820 -0.000300634502949949
4830 -3.88976644411762e-06
4840 -6.63084853589048e-05
4850 0.000322881128977247
4860 2.48733455942199e-05
4870 0.000172554689801799
4880 0.000208675549942403
4890 8.00344007107178e-05
4900 -0.000212198977440657
4910 -0.000101017482021037
4920 0.000451988244779585
4930 -3.77997897825459e-06
4940 -0.000248681788673667
4950 0.000182643882844887
4960 0.000115158262304526
4970 1.09433073218329e-05
4980 4.69569212550926e-05
4990 -9.61482147297097e-05
5000 7.36593549815928e-05
5010 -0.000297146236494628
5020 -0.000261718260600349
5030 3.3333017715832e-05
5040 -0.000227368793575193
5050 -0.000121676300892789
5060 -0.000443522162992887
5070 -0.00012434255530158
5080 -0.000108968209801739
5090 -4.97105745069659e-05
5100 -0.000436962642466487
5110 0.000291965797961337
5120 9.01103320647747e-05
5130 0.00013152290021749
5140 0.000123820437562787
5150 -0.000123499375470744
5160 1.81563599877165e-05
5170 -0.000183802036333874
5180 -0.00014999187708156
5190 6.53594273722652e-05
5200 0.00014377042338798
5210 3.5408768302903e-05
5220 9.98260211893969e-05
5230 -8.74755548043683e-05
5240 9.78394809159098e-05
5250 8.71010602210916e-05
5260 0.000166633402500128
5270 -0.000210776108356937
5280 -0.000111803216764715
5290 -9.29351540898521e-06
5300 4.95442346333858e-05
5310 0.000312818229701986
5320 -5.11436273745034e-05
5330 0.000356577067612022
5340 -0.000110946506940198
5350 0.000300783236855112
5360 6.64183888070715e-05
5370 7.71209888040162e-05
5380 -9.3580948510563e-05
5390 -0.000430548437218638
5400 0.000233857097244698
5410 -8.99544649793363e-05
5420 -0.000669619135709473
5430 0.00013429624787482
5440 -0.000169163099824171
5450 -0.000129032201681059
5460 -3.23773084683301e-05
5470 0.000277429835535197
5480 2.30615132613615e-05
5490 0.000182369080519031
5500 0.000201529915349573
5510 -0.000480072265287629
5520 -8.25424342947118e-05
5530 -0.000141935635151772
5540 9.16032972804592e-05
5550 9.31778340804498e-05
5560 -3.20674112713623e-05
5570 -8.07362262803316e-05
5580 0.000174427993903244
5590 -0.000123997651180075
5600 -0.00010385581793792
5610 0.000118777753776272
5620 0.000259416403207002
5630 3.16742797449658e-05
5640 0.000468214416598528
5650 3.58345183601304e-05
5660 -2.73530127816155e-05
5670 2.77850934438833e-05
5680 -0.000163291754865857
5690 9.76617005194523e-05
5700 9.62914335110297e-05
5710 2.96430468052479e-05
5720 -9.99066394193159e-05
5730 0.000156823866881175
5740 5.37886282464119e-05
5750 -0.000379581553790862
5760 4.13178677366814e-06
5770 -0.000337127748684642
5780 0.000174632688487251
5790 2.06373975996727e-05
5800 0.000347063938293142
5810 -0.000205561643050838
5820 -0.000204872679884965
5830 -8.30349191637329e-05
5840 -0.000179199673758949
5850 6.21670527902776e-05
5860 -0.00012410704101879
5870 -0.000108944872683984
5880 -0.000174874364626962
5890 9.39257052616462e-05
5900 0.000236581071903142
5910 6.36656879232885e-05
5920 -0.000235653060370304
5930 -6.60514965023873e-05
5940 -0.0002920292855226
5950 -0.000185411863441481
5960 7.23917134795322e-05
5970 -0.000123327959346662
5980 0.000183044370016611
5990 -1.61967798282934e-05
6000 -0.000283997455356239
6010 -8.51379184845019e-07
6020 -0.000233550027707208
6030 2.88165019850441e-05
6040 0.000176518973051861
6050 -8.20257748874329e-05
6060 0.000287155952783033
6070 -6.94222087373001e-05
6080 -0.00027338984523653
6090 -6.18301004809658e-05
6100 -0.000330510906209687
6110 4.31938670214453e-05
6120 5.4398632888815e-05
6130 0.000107648127818518
6140 0.000263599211778086
6150 -6.59441430130741e-05
6160 9.07285077762591e-05
6170 0.000141213660681424
6180 -0.000105566906261802
6190 -6.44511368738186e-05
6200 -0.000106130154414194
6210 0.00039137131848439
6220 -7.2224406153011e-05
6230 0.000343376634795903
6240 0.000178839159619259
6250 -0.000293268888083363
6260 0.000175916206519149
6270 -0.000161217600525856
6280 -0.000145107230899713
6290 0.000119488128794884
6300 -3.76843507257439e-05
6310 0.000148279103927026
6320 -8.84424198584885e-05
6330 0.000290468584082442
6340 -0.00019121689176876
6350 -2.39730083680387e-05
6360 0.000350783494674636
6370 -2.70556752696474e-05
6380 5.597493293485e-05
6390 0.00047170818789798
6400 -7.03330574848048e-05
6410 -0.000348527848459399
6420 -5.79246238573183e-06
6430 0.000262173634566251
6440 2.11036125927821e-05
6450 3.05561865644187e-05
6460 -0.000180954697706864
6470 -2.39480246465908e-05
6480 0.000424029731787468
6490 5.65931237314007e-05
6500 0.000198926558113649
6510 -4.16371663543188e-05
6520 0.000426921046435421
6530 -8.48283131935661e-05
6540 0.000207882013265238
6550 -0.000135769458530119
6560 -0.000312033315307676
6570 0.000326441159033823
6580 -8.56232747633167e-05
6590 -0.000281364258549529
6600 0.000229053813113465
6610 -0.000101818212189842
6620 -8.93206555146171e-05
6630 0.000163355277865379
6640 0.000173868550088031
6650 8.30787643537151e-05
6660 0.000109560398655665
6670 0.000128374690563323
6680 0.000130083310500174
6690 0.000377488489530901
6700 0.000390965622680226
6710 0.000169204460913007
6720 0.000319840691310538
6730 0.000453414869769733
6740 1.11200157949901e-05
6750 6.24191451790978e-05
6760 0.000281997095930484
6770 -0.00024800241875416
6780 0.000250340073513929
6790 -5.32677877631775e-05
6800 -3.16419217296732e-05
6810 -3.54529386009224e-05
6820 0.0002116339944299
6830 0.000115909948632136
6840 -0.000211126451612177
6850 0.000276602859333856
6860 -3.57491918558217e-05
6870 0.000354046543526337
6880 -0.000214231519751857
6890 -2.20813951609808e-05
6900 0.0003661011235029
6910 0.000378754110495302
6920 -4.16682703530549e-05
6930 -0.000119226001923855
6940 -0.000192935968733365
6950 -0.000107567728756802
6960 0.000283849007819862
6970 3.60443064660009e-05
6980 -0.000303930694323156
6990 0.00016718816203375
7000 -0.000201308029530762
7010 -0.000124199401225874
7020 0.000188840654184115
7030 7.67038342894621e-05
7040 0.000180873120343679
7050 0.000306903981515767
7060 1.50967878336982e-05
7070 -0.000113403236988272
7080 -6.9348574185721e-06
7090 -0.000384651240420409
7100 -0.000190842010495038
7110 0.000330741127135045
7120 -0.000275806312783738
7130 7.27381287358326e-05
7140 0.000162416497682471
7150 -0.00029745491210591
7160 0.000149732326965863
7170 0.000102609966581968
7180 1.55815527433822e-06
7190 0.000144636049127656
7200 0.000177683506917046
7210 -5.76973061651796e-06
7220 0.000390321248503455
7230 -6.9688315207326e-05
7240 0.000121824818009408
7250 5.78979150918328e-05
7260 0.000211800570670013
7270 -0.000102246802858369
7280 -5.38417242440587e-05
7290 0.000287135910430727
7300 0.000151049002151206
7310 0.000245946197141068
7320 0.000174549405171513
7330 2.94847146283023e-05
7340 8.1499253929146e-05
7350 4.22896648134201e-05
7360 -1.01676425413815e-05
7370 -0.000325358203349142
7380 0.000131657577102651
7390 0.000146815855751786
7400 -0.000120490914291026
7410 2.6837882536421e-05
7420 0.000201911538735806
7430 0.000142240563486844
7440 0.000118665451595479
7450 0.000271429683292115
7460 0.000274277435425427
7470 -0.000147600774649606
7480 -0.000112207065925947
7490 -0.000252501093164846
7500 -3.67021754354886e-05
7510 5.85724412891633e-05
7520 4.67826782899049e-05
7530 0.000260773943127841
7540 -0.000151471967043324
7550 0.000283985349503409
7560 4.70733675412404e-05
7570 -2.89485210223186e-05
7580 -0.000406346217455788
7590 0.00022404651573639
7600 -2.86996622517927e-05
7610 -8.34153400161786e-05
7620 0.00028605425791299
7630 -0.000157241220176392
7640 4.14052688304381e-05
7650 -0.000313598807190032
7660 6.0479059693553e-05
7670 5.80053061529312e-06
7680 0.000121621425781694
7690 -6.15517487925838e-06
7700 0.000169357673945893
7710 0.000107995946196643
7720 0.000110215992682836
7730 0.000203948391862679
7740 -1.77514600133297e-06
7750 9.64289966524994e-05
7760 6.96918427812736e-05
7770 -5.97157923757222e-05
7780 -0.000194579810618334
7790 -0.000155590017924114
7800 -0.000448889092238891
7810 -9.13492035094036e-05
7820 -0.000227350125802827
7830 5.60064471891209e-05
7840 0.000224046361718018
7850 2.64707741773329e-05
7860 -1.68044133668851e-05
7870 -0.000247082069951367
7880 -7.78463308647805e-05
7890 1.3323041956061e-05
7900 -4.06721918422081e-05
7910 9.92897879327102e-05
7920 0.000118951361777831
7930 -4.57972500494293e-05
7940 -0.000190275276876465
7950 0.000231336612099301
7960 -0.000271238339217548
7970 4.09680949979474e-05
7980 -0.00016930621767496
7990 0.000203593976580767
8000 -0.000115849387004644
8010 0.000164252547833438
8020 -3.14558090062247e-06
8030 5.93488235495644e-05
8040 -4.11135141655465e-05
8050 -0.000412013800944864
8060 0.000287335155154181
8070 0.000190494402708638
8080 -0.000239025816946139
8090 0.000212289483242351
8100 5.18140549223956e-06
8110 0.000129115822141975
8120 5.98196847743297e-05
8130 -9.40668061585203e-05
8140 -0.000109171064992773
8150 -5.04672808925385e-05
8160 -0.000144225161448683
8170 2.38004071368049e-05
8180 0.000153935177676462
8190 -0.000607027818472015
8200 -2.30683641830335e-05
8210 0.000228398191357399
8220 3.84701734565636e-05
8230 -0.00047172654118275
8240 0.000128454439377591
8250 -0.000267406395387463
8260 1.34335720950146e-05
8270 -7.98202925627709e-05
8280 -5.31461423919429e-05
8290 -6.02178720604254e-05
8300 0.000124665387746368
8310 -3.82204267748821e-05
8320 -0.000283527290460491
8330 5.09312973228502e-05
8340 -0.000106529344914178
8350 -4.26084847738178e-05
8360 1.24553906234959e-05
8370 -0.000137587378100025
8380 -9.17915193804947e-06
8390 0.000207134296304554
8400 -0.000183117538248237
8410 -0.000169736886729372
8420 0.00010961436110899
8430 -0.000315664264589576
8440 0.000186109573396455
8450 7.82553495706026e-05
8460 -0.000103021350394905
8470 -1.69554833776531e-05
8480 -0.000126994454079337
8490 -0.000260347860028748
8500 -0.000198389534975564
8510 3.56582700967864e-05
8520 4.02988545374874e-07
8530 0.000170255638919862
8540 -2.63463552565887e-05
8550 -0.000449223418578212
8560 -0.000398175424550761
8570 3.55278950322262e-05
8580 -4.52073239556824e-05
8590 0.000121811795290926
8600 5.13391181107532e-05
8610 -1.77993769224658e-05
8620 -0.000346936028681113
8630 5.25470689841826e-05
8640 0.000165390233489693
8650 4.63039524481728e-05
8660 -0.000146900830096239
8670 -0.000153868513535955
8680 -1.57422331276259e-05
8690 -0.000199522760361984
8700 2.29744533446906e-05
8710 0.000285754318576149
8720 -3.67352044619369e-05
8730 -0.000155936657450988
8740 -0.000133856745200462
8750 0.000195145852024625
8760 0.000283760391042049
8770 0.00010939788957852
8780 -6.60552866066182e-06
8790 1.51503442165508e-05
8800 0.000297960455072025
8810 0.000149603463773212
8820 -7.8266424787093e-05
8830 -0.000246665551288456
8840 -6.28047202987276e-06
8850 -0.00021787822386107
8860 0.000113200549571527
8870 0.000103184976518201
8880 -0.000421666712372025
8890 -0.000359965210834753
8900 0.000248923738020564
8910 0.000330287174094886
8920 3.92800513042975e-05
8930 -0.000213146421018798
8940 0.000151028283743013
8950 0.000384307984773301
8960 0.000241916513240708
8970 -5.98334455122793e-05
8980 -2.06014008954985e-05
8990 -0.000120863898606757
9000 0.000300158525585518
9010 0.000210928764684765
9020 0.000273915754557377
9030 -9.90056052702234e-05
9040 -0.000270838818597079
9050 -0.000144342254255506
9060 -4.94766627863488e-05
9070 -0.000259267609903434
9080 -8.05142611322616e-06
9090 0.000433854525600844
9100 1.93173204107129e-05
9110 -7.01801811106564e-05
9120 -4.54299168559566e-05
9130 7.57432841607249e-05
9140 -0.000340534421468893
9150 -6.85537158984245e-06
9160 -0.000146854995775889
9170 0.000112972056111994
9180 -0.000322332579655223
9190 0.000453106605793629
9200 -0.000149207356946874
9210 -0.000112339801841325
9220 -3.8251603019203e-05
9230 -0.000135685610400335
9240 0.000104724734316788
9250 -4.21769188405198e-05
9260 -0.000203230562319578
9270 0.000164663021952142
9280 -7.17264484862631e-05
9290 -8.51046811149053e-06
9300 0.000114204854150103
9310 -3.80893079657975e-05
9320 -0.000259996176271709
9330 0.000193493112855732
9340 5.44464459690366e-05
9350 -0.000182549948739084
9360 -0.000362433523060453
9370 -0.000143018724029412
9380 -0.000249525360392514
9390 -0.000282473551022693
9400 2.39686857282494e-05
9410 0.000326529820773696
9420 9.16962414948e-05
9430 -0.000227416734826108
9440 0.000136785323703596
9450 0.000177964039877076
9460 3.86586785310571e-05
9470 -6.99839770852887e-05
9480 0.000409059407375791
9490 -0.000396014313489538
9500 -0.000268192845304513
9510 -0.000186672086756111
9520 -0.000172903149382229
9530 -0.000117753129586374
9540 -0.000356924772526363
9550 -0.00022306257295797
9560 -0.000100453876122644
9570 -0.000247860608047623
9580 -0.000192558456461399
9590 -0.000263501251833453
9600 0.000143316569808376
9610 -0.000418006128791587
9620 0.000198462113412675
9630 -9.43072196690968e-05
9640 2.41273312359161e-06
9650 -0.000347194882002461
9660 -0.000333431676837056
9670 -7.19439038800148e-05
9680 0.000198978099915362
9690 0.000203894744489305
9700 2.72418905229447e-05
9710 -0.000203375260106951
9720 -0.000217915194953992
9730 0.000242353567027511
9740 0.000272540530264804
9750 -0.000217738956793739
9760 -0.000311862483897773
9770 0.000181699599741922
9780 -0.000157650815141548
9790 4.17110429113076e-05
9800 -0.000143905431625313
9810 0.000107741871455635
9820 8.90266812316456e-05
9830 0.000180860652173211
9840 -6.09630858581141e-05
9850 -0.000106033883094699
9860 -0.000114129392477787
9870 0.000124403329143335
9880 -1.8541223621871e-05
9890 0.000131312884039083
9900 -0.000303423817640473
9910 -5.55157045387678e-05
9920 -4.08857320600935e-05
9930 -0.000122422428312197
9940 0.000250308277420185
9950 -0.000266710506109426
9960 7.25021303457058e-05
9970 -0.000206769061454344
9980 7.18779182935114e-05
9990 -0.000320902912792159
10000 -0.000228955015012702
10010 8.64835181817387e-05
10020 6.82126725943729e-05
10030 2.59562057762302e-05
10040 -5.05425155457446e-06
10050 -0.000106462391175657
10060 -7.61283582093107e-05
10070 -0.000113608714575851
10080 8.07661050758245e-05
10090 0.000298193066969456
10100 0.000139165579609493
10110 -2.04365676711035e-05
10120 0.000218937781495426
10130 0.000167483133770437
10140 -6.36390266458736e-05
10150 -0.000220067437166572
10160 0.000246580304130061
10170 0.000280162709532617
10180 -0.000286401033028488
10190 -6.32432407444692e-06
10200 -2.71158583469812e-05
10210 0.000222399096672691
10220 1.85094378731659e-05
10230 0.000425454489984252
10240 -0.000378864717959743
10250 0.000185158044034739
10260 0.000537669602995461
10270 0.000125024498498533
10280 -3.62451863543053e-05
10290 0.000294459603105016
10300 -1.53248566214328e-06
10310 -0.000260566037199982
10320 -0.000345517718961498
10330 5.71206373494832e-05
10340 -0.000115416062156776
10350 0.000258553212562602
10360 -3.59351219899436e-05
10370 0.000126603138159749
10380 -7.62197606860238e-05
10390 0.000213564286212962
10400 -8.23056406049717e-05
10410 -0.000195464314371726
10420 6.92946137469165e-05
10430 -4.56742292704069e-06
10440 0.000548418037631385
10450 -3.65481772013927e-05
10460 -0.000194933472251718
10470 0.000439754633983738
10480 -0.000272477885635836
10490 -0.000320923808827742
10500 -0.00031731590877567
10510 -0.000439242849796612
10520 4.5351734730793e-07
10530 -2.60720655707666e-05
10540 0.00010469072774283
10550 -0.000116632834540935
10560 -4.66033899924751e-05
10570 0.000227349790660699
10580 -0.000283877833769847
10590 -0.000187220099559148
10600 -2.30102261631535e-05
10610 -0.000157446489731093
10620 -0.000159549147349315
10630 2.08359531566652e-06
10640 -7.10181736724321e-05
10650 7.42448897696908e-06
10660 -9.76648996288935e-05
10670 0.000111226095192647
10680 4.56740767630147e-05
10690 -5.88323044159685e-05
10700 0.000178840350898574
10710 2.85290268357099e-05
10720 6.04378372494231e-05
10730 -0.000194947488657812
10740 -6.19361728731264e-06
10750 -0.00010076942876837
10760 -0.000308107800746281
10770 2.92252034460464e-05
10780 -1.04973544702644e-05
10790 -0.000269046531869352
10800 1.00234690222141e-05
10810 8.0339868532074e-05
10820 4.81538877544441e-05
10830 -0.00032690647887791
10840 0.000292573057082918
10850 -0.000198301758269032
10860 -0.000127411975919384
10870 2.43787251765348e-05
10880 0.000186966408257513
10890 0.000134698058591937
10900 0.000133834454981136
10910 0.000119209295845576
10920 0.000233152192885583
10930 -0.000201427749584877
10940 5.40995934960327e-05
10950 0.000177050092164296
10960 6.03934147636261e-05
10970 -0.000405419526629172
10980 -0.000191487410532919
10990 0.000444705806912392
11000 -0.000189669814906089
11010 0.000168351314182462
11020 0.000237210424135999
11030 -0.000211786672010049
11040 6.54981281569582e-05
11050 6.52267364984005e-05
11060 -2.86422132563523e-05
11070 0.000519392824826378
11080 -0.000320625304009039
11090 -0.000161371943833831
11100 -0.000235055190229289
11110 -0.000152870666666934
11120 0.000369925322069411
11130 -0.000143732549207195
11140 -0.000189642873776676
11150 -0.000180773971976513
11160 0.000484543635438667
11170 7.90531793936595e-05
11180 -0.000199147262600623
11190 -0.000254356262441028
11200 5.98018473659495e-05
11210 9.43785932111957e-05
11220 -0.000332126921722726
11230 0.000196178489837495
11240 4.47561782510722e-05
11250 -0.000268040609254003
11260 -6.09737727130883e-05
11270 -5.95854567308894e-05
11280 0.000230988928716666
11290 -0.000256061367791269
11300 9.82431451742921e-05
11310 0.000121779198664472
11320 4.66812297697195e-05
11330 7.14090670218031e-05
11340 -0.000304672104092568
11350 -0.000189496245421444
11360 9.81308323074281e-05
11370 -0.000150868274260488
11380 -0.000259340008313685
11390 -7.59754329704794e-05
11400 0.000217890465508132
11410 0.000115834160109624
11420 3.54854980657039e-05
11430 -0.000296016960890687
11440 0.000226174045698564
11450 -9.62198445373995e-05
11460 0.000219353768144204
11470 1.22241061652161e-05
11480 0.000129644686130548
11490 0.000362152437231895
11500 -8.40475932137583e-05
11510 1.71886072055204e-06
11520 -0.000153304616654702
11530 1.24250247779896e-05
11540 3.48770097598135e-05
11550 9.68878285432521e-05
11560 0.000350132480656458
11570 -6.24003273956496e-05
11580 0.000154359257793396
11590 -0.000126314613362472
11600 8.96958839973439e-05
11610 8.67686412587131e-06
11620 0.000299438005941693
11630 -5.07336976219142e-06
11640 5.62278561860067e-05
11650 -0.000173585071092227
11660 7.39603020471315e-05
11670 -2.50458944097867e-05
11680 3.00422942358664e-05
11690 0.000480763604470166
11700 -8.01924863963852e-05
11710 -0.000148471197643576
11720 8.75435816377341e-05
11730 5.61456569059239e-05
11740 0.000219884280759541
11750 -1.70353787981644e-06
11760 0.000377966066724204
11770 0.000152315553557459
11780 -0.000422951905111788
11790 -3.58063106083042e-05
11800 9.32507219182901e-05
11810 -2.18768134798519e-05
11820 0.000268718728558628
11830 -0.000368451156524844
11840 9.13762913475384e-05
11850 -0.000193905596006184
11860 5.76654711296919e-05
11870 0.000363041925210364
11880 -0.000259217747394711
11890 0.000117692007464931
11900 0.000309152127607511
11910 0.000290764932892817
11920 -0.000345306708459542
11930 -1.22401221796603e-05
11940 -0.000248353732475491
11950 -0.000101532866678322
11960 0.000638953210233647
11970 0.000176298785641704
11980 -7.29846422942971e-05
11990 0.000151603945419856
12000 0.000244358151399938
12010 5.28862106739775e-05
12020 -0.000198700796730589
12030 -0.000355640400709259
12040 -6.45245488394718e-05
12050 0.000120429937510409
12060 0.000230740239140437
12070 -3.30244255288293e-05
12080 7.76939994500886e-06
12090 9.15127469068391e-05
12100 -0.00013110545516436
12110 -0.000259692620571156
12120 -0.000114421330604237
12130 0.000421320705468234
12140 -0.00046893319593917
12150 0.000394983190478934
12160 -7.16366450259725e-05
12170 -0.000270719663006149
12180 0.00013736135526406
12190 -3.57555640745861e-05
12200 1.54637279259896e-06
12210 -0.000329461476725532
12220 -0.000130889729338772
12230 -0.000381629114551733
12240 -0.000119975847466605
12250 0.000165289740085039
12260 0.000448427420850996
12270 8.90022936150917e-05
12280 1.92888213964167e-05
12290 0.000122944311122453
12300 2.62177884038064e-05
12310 -0.000138199716163108
12320 0.000152492183913078
12330 -1.53945981970366e-05
12340 2.20160106048462e-05
12350 2.23348011579108e-05
12360 0.000225610909441428
12370 0.000278945332490269
12380 0.00013537805613898
12390 -0.000182786460462731
12400 0.00034896311189431
12410 -9.08312438575362e-05
12420 0.000343088279954471
12430 0.000140614482803094
12440 6.62173630155603e-05
12450 -0.000436510628160308
12460 0.000180063266641537
12470 9.50149345709278e-05
12480 2.11551922917547e-05
12490 4.48641924405352e-06
12500 -0.000143556972904362
12510 -0.000252479968504165
12520 -0.000169768097004086
12530 -0.000110879721547989
12540 -0.000264202183512433
12550 0.000229445805572747
12560 0.00017716929065725
12570 0.000281192674811294
12580 -8.75385509923257e-05
12590 -3.32669712588773e-05
12600 -0.000327805886728182
12610 1.67426456822344e-05
12620 6.24576428444259e-05
12630 -0.000557843248215309
12640 -0.00036632280958646
12650 -5.21701278944796e-05
12660 -0.000111443393923353
12670 -4.91097604848966e-05
12680 -0.000113431754412805
12690 9.76402377830969e-05
12700 -0.000466278618988668
12710 -6.70443302837495e-05
12720 -0.00018270632697672
12730 4.35354703290186e-05
12740 -0.000443363208073072
12750 -4.29728271694852e-06
12760 0.000269238534729759
12770 0.000154827502906504
12780 -0.000144947572061454
12790 -0.000148724632353003
12800 -4.09832964730825e-05
12810 -8.99121624764679e-06
12820 2.05385811774036e-05
12830 5.43883360350209e-05
12840 -4.63796700382277e-05
12850 0.000210358080149937
12860 -0.000125095362293322
12870 -8.81241228262915e-05
12880 -0.000241225623270453
12890 0.000108871414028844
12900 -2.44307933921316e-05
12910 0.000103221693124731
12920 0.000319990407909174
12930 0.000344333772500176
12940 -0.000112459536910403
12950 -0.000299018803054601
12960 0.000108858080743112
12970 7.87850401582903e-05
12980 0.000314170134646165
12990 -0.000221998078436434
13000 -7.89778128702582e-05
13010 0.000200751631117496
13020 0.000172741906452986
13030 5.67507954854798e-06
13040 -0.000154593344262456
13050 -0.000162775874729141
13060 2.46643121488331e-05
13070 0.000448771665880143
13080 0.000387134195323681
13090 0.000111708840548391
13100 1.38631152039635e-05
13110 -7.35987077784896e-06
13120 -5.06242515507658e-05
13130 0.000290247181246806
13140 0.000121827550579592
13150 -3.17472123302112e-05
13160 1.54079768575768e-05
13170 -7.29484700670827e-05
13180 6.3995130408555e-06
13190 -0.000183197784760123
13200 -0.000439288868142211
13210 0.00016731268393411
13220 0.000491692149306897
13230 9.78292713659883e-05
13240 0.000185881480580001
13250 -7.0338892541027e-05
13260 -0.000268647221715633
13270 0.000138873016661233
13280 -8.46045752878083e-05
13290 0.000347549039892336
13300 2.60846841310206e-05
13310 1.52536502058051e-05
13320 0.000415329959967529
13330 -8.56116215490007e-05
13340 -0.000236073096543965
13350 -0.000108968723850397
13360 -0.000252594762071939
13370 6.38242902083199e-05
13380 4.92315139921699e-05
13390 4.93848409318437e-05
13400 -0.000374379553370897
13410 -7.72224443381918e-05
13420 -0.000163250139777407
13430 -0.000115509184978523
13440 -0.00027936335640134
13450 -0.000271133153302514
13460 -3.59999127927895e-06
13470 -0.000246771361829653
13480 -5.64363212445551e-05
13490 0.000105510566144757
13500 -3.58948940610128e-05
13510 0.00014009787293266
13520 8.24675575070693e-05
13530 -0.000291998256633516
13540 -0.000123514465292706
13550 0.000126190013072693
13560 -0.000150213059396559
13570 -2.00720288593554e-05
13580 6.72654566249307e-05
13590 -0.000105855865370034
13600 -0.000325453430434084
13610 -0.000113852719775981
13620 9.69123070268919e-05
13630 -0.000338241078292565
13640 3.98245100614211e-05
13650 -0.000139492819210415
13660 -1.01049125056904e-05
13670 -0.0001107742550485
13680 0.000102204987818604
13690 -0.000157665803162099
13700 -0.00021820401403746
13710 -8.49372157062805e-05
13720 -7.85378698596776e-05
13730 -0.000256176014100195
13740 -0.000386307078884749
13750 -3.01222026276914e-05
13760 -0.000171731743862834
13770 -0.000141632673249848
13780 0.000151646370135331
13790 3.41069477711117e-06
13800 -0.000158512932541929
13810 -8.27417517443059e-06
13820 -0.000106714674077368
13830 5.76277087872756e-05
13840 0.000124282733685462
13850 6.29913760616939e-05
13860 -6.78292531593292e-05
13870 7.47004345030669e-05
13880 -0.000129369176827501
13890 -0.00011938721421562
13900 8.23466691406986e-05
13910 -0.000510627581580479
13920 -0.000161499917295349
13930 -0.00021185907286506
13940 8.62634272275166e-05
13950 -1.98100987347816e-06
13960 -6.70707951150452e-05
13970 0.000114317699496104
13980 -0.000388171285818552
13990 -0.000251057891667214
14000 -0.000347912964603613
14010 0.000447757432874664
14020 7.87090615086346e-05
14030 0.000155841893167561
14040 -8.53482043094929e-05
14050 0.000682354394764743
14060 -0.000104223195105736
14070 -0.000390404429696179
14080 -0.000282336175409102
14090 3.83660018140576e-06
14100 9.17224353599676e-07
14110 0.000146606062015752
14120 0.000124641860101969
14130 0.000164697364355439
14140 -6.72073367112647e-05
14150 3.45712982386055e-05
14160 9.82975999801445e-06
14170 -0.000157134035730576
14180 0.000324678757196864
14190 -0.000431481856966199
14200 0.000319885362815669
14210 4.10012016578584e-05
14220 -4.74423275091734e-07
14230 2.69015158013112e-05
14240 0.000507575884427189
14250 -3.42046147426763e-05
14260 0.000343053752398859
14270 -0.000465849670984129
14280 -0.000117169523657309
14290 -7.92158999236533e-05
14300 -7.22378307077886e-05
14310 0.00020898718835334
14320 0.000378194083613267
14330 0.000235123985993659
14340 -0.000283670655487449
14350 0.000195849402323525
14360 0.000262902684018879
14370 -1.47752173338337e-05
14380 -0.000216436804147393
14390 -0.00024837722529195
14400 0.000314900348744619
14410 -8.64315088851748e-05
14420 -3.51075841088592e-06
14430 -0.000117436274488608
14440 0.000141217481679317
14450 -1.21868958685952e-05
14460 -6.48573352450647e-05
14470 4.33420673620865e-05
14480 0.00047451475024554
14490 0.000357142340826665
14500 -0.000403546498872803
14510 -0.000129911096691886
14520 -0.000281860895429443
14530 0.000268269403537442
14540 2.38838267707435e-05
14550 0.000190922659627676
14560 -0.000162340185979919
14570 -0.000159894679589331
14580 -9.7650093358436e-05
14590 -5.28246158311185e-05
14600 -0.000270737064537757
14610 5.61862370908208e-06
14620 0.000207132852408039
14630 -2.8732459143059e-05
14640 1.64357329839762e-05
14650 0.000138739940407961
14660 0.000457788436565129
14670 8.67565575109364e-06
14680 0.000162688103318549
14690 6.7324064600993e-05
14700 -0.000161480096805805
14710 -0.000363216718687146
14720 -0.000108378351799904
14730 -0.000353343569610185
14740 -5.56451586781359e-05
14750 -0.000118561538154029
14760 0.000256297803163823
14770 -3.41929794590308e-05
14780 5.19383829242639e-06
14790 6.69266948067689e-06
14800 1.41698433675641e-05
14810 -0.000187894652437973
14820 -0.000269575322347674
14830 0.00016440580409852
14840 -0.000215501277438509
14850 -0.000109232283176406
14860 -0.000240464254386884
14870 6.31125929614334e-05
14880 5.35492470759225e-05
14890 -0.000307158606917626
14900 0.000148268200370732
14910 -0.000120550270530039
14920 -5.69197334084457e-05
14930 -0.000291134042849318
14940 -4.55791623577523e-05
14950 -0.00012751258961336
14960 0.000256482908043476
14970 2.81618914844631e-05
14980 -2.48629185534987e-05
14990 2.73468267334273e-05
15000 -8.12922312650831e-05
15010 -8.50273994669294e-05
15020 5.94390935399906e-05
15030 -0.000338628641087656
15040 9.87343977778545e-05
15050 0.000288846708658078
15060 0.000235180064961328
15070 1.26898243078486e-05
15080 -9.4346183100815e-05
15090 -0.000135160360439913
15100 0.000184452152685334
15110 2.70468421001376e-05
15120 0.000135196998389713
15130 -0.000122067544341946
15140 -6.35848561308973e-05
15150 -0.000200298152721502
15160 -0.000513454174575718
15170 0.000101406006128961
15180 -0.000147199201832513
15190 0.000161940886571397
15200 0.000102768537350572
15210 -3.75744261993976e-05
15220 -1.33463846897122e-05
15230 -9.94406419523673e-05
15240 -0.000106615255527372
15250 -1.20646502784076e-05
15260 0.00010149519038529
15270 0.000132136326280964
15280 -0.000134238957664588
15290 0.000174308948008629
15300 -0.000211487512904257
15310 -0.000126396788529333
15320 0.000200830324221234
15330 0.000325100576873067
15340 -0.000307870692228138
15350 0.000242788030455369
15360 -0.000103088580192439
15370 0.000121149475493682
15380 1.64743049419592e-05
15390 -6.67671085377903e-05
15400 9.63731346353876e-07
15410 0.000338481957137844
15420 0.000365381404810126
15430 -0.000330538268192589
15440 0.000172221854536855
15450 -0.000126236188119664
15460 5.80581711489806e-05
15470 8.83991455784694e-05
15480 2.49823635582919e-05
15490 5.03171844946003e-05
15500 -0.00020940215626996
15510 0.000277239058817695
15520 -0.000138305590079597
15530 -2.41652957558508e-05
15540 -0.00018231586590146
15550 4.32871114848286e-05
15560 5.29391638322645e-06
15570 0.000297172633512654
15580 0.000367980951127078
15590 -0.000424063186131645
15600 0.000413811773145113
15610 -0.000350489399681958
15620 -0.000477724579016178
15630 4.5270148926783e-05
15640 -1.86893458358051e-05
15650 7.25884132021989e-05
15660 -0.000364348995804165
15670 -0.000178085621022479
15680 -5.05034847854968e-05
15690 6.87204522494582e-05
15700 0.00026855136998325
15710 6.44055159124748e-05
15720 -0.00010846539691039
15730 -5.20068991805333e-05
15740 0.000171612437377527
15750 -0.000108061436102451
15760 -0.00039816454188546
15770 0.000310811681381735
15780 -2.10131093312052e-05
15790 0.000348350985862095
15800 0.000137564884163156
15810 -0.000152995637635652
15820 4.45942783094011e-05
15830 0.000130104578710477
15840 0.000177447827400166
15850 -0.000272779216387901
15860 8.81041366577327e-05
15870 -3.59276947411516e-05
15880 -0.000120104974479162
15890 6.43422831478834e-06
15900 0.000286132556472723
15910 9.96321695266321e-05
15920 -0.000132773217008374
15930 9.49687376551152e-05
15940 -0.000677488489732143
15950 3.41866605860801e-06
15960 0.000339676586719838
15970 -3.77018084978931e-05
15980 -1.26463524030112e-05
15990 -0.00016903049288819
16000 0.000175647075568998
16010 -5.47389633744234e-05
16020 0.000218889555831368
16030 0.00017592502219158
16040 2.65080785518891e-05
16050 9.97693077178968e-05
16060 -1.36620493656712e-05
16070 0.000105491307325181
16080 7.38550878457399e-05
16090 0.000279997445235582
16100 -0.000144283850120012
16110 0.000330290139163482
16120 -0.000523259803883858
16130 0.000163396062998089
16140 -3.31087602389185e-05
16150 0.000100489699721936
16160 0.000121380168189715
16170 0.000158607425877786
16180 -0.00038939140425564
16190 0.000283717642475983
16200 1.80123664729217e-05
16210 6.01928253601378e-05
16220 -0.000168037812011684
16230 0.000192527305664352
16240 0.000403959622312593
16250 -5.49765279413247e-05
16260 -9.25765187489994e-06
16270 9.85696695351495e-05
16280 -5.3309461937922e-05
16290 0.000116378319462312
16300 0.000290279520733387
16310 -4.2189446199194e-05
16320 0.000261361496378768
16330 -1.06292274141247e-05
16340 -0.000202977309274384
16350 -2.13602523043927e-05
16360 -0.000118872287266334
16370 -0.00025981131067671
16380 6.65084248612495e-05
16390 2.91860886003964e-05
16400 -0.000101810961416482
16410 0.000377746880550053
16420 -4.44411428788323e-05
16430 0.000143273644177937
16440 5.69764346701429e-05
16450 6.23034676126841e-05
16460 0.000180525618195289
16470 -0.000252693508730585
16480 -6.34558397519679e-05
16490 0.000311226443895681
16500 0.000349701493522014
16510 0.000287092579758092
16520 0.000100981720319362
16530 -0.000157224673974872
16540 0.000382190688455211
16550 -0.000100330176444265
16560 -6.02996074600873e-05
16570 0.000175697001981219
16580 -4.70679435367292e-05
16590 7.35927032040028e-05
16600 0.000282236655129929
16610 4.90214016281504e-05
16620 0.000172084689250859
16630 0.000241728912527229
16640 -0.000321869913499512
16650 -4.88427484952029e-05
16660 0.00014503675925245
16670 7.84359868442505e-05
16680 4.12026234445747e-05
16690 -3.17820385023044e-06
16700 0.000168009337834225
16710 0.000213696604375187
16720 0.000106359037657479
16730 0.000131185583193064
16740 8.23324982589544e-05
16750 0.000193629123017963
16760 7.99000943445336e-05
16770 -0.000114790825332754
16780 9.97261980626365e-05
16790 0.000152056853703989
16800 0.00049700355330699
16810 0.0003116187036252
16820 -0.000124630527981674
16830 -0.000146632573689486
16840 -0.000260573109358471
16850 7.56552536876745e-05
16860 0.000229793956339165
16870 -9.13787762514686e-05
16880 -0.000147753678027464
16890 0.000112908602270431
16900 -0.000152578164815315
16910 0.000330809697173953
16920 5.0228454185863e-05
16930 0.000420101290118683
16940 -0.000211412784787438
16950 0.000303068909670258
16960 0.000212016548539809
16970 -0.000318510456905438
16980 0.0001802949021105
16990 7.35569295657488e-05
17000 0.000205295820293718
17010 0.000207163494984641
17020 -7.71580501014534e-05
17030 -0.000409998586419068
17040 0.000338788076652547
17050 0.000214587319290423
17060 0.000294489371096827
17070 5.89030997533782e-06
17080 0.000227332634945068
17090 0.000138912590591374
17100 0.000130351925231954
17110 0.000292895528630063
17120 -0.000117613173973955
17130 -0.0001229806845568
17140 0.000141921412009248
17150 0.000165028635704459
17160 0.000190112709629989
17170 -6.32323509062706e-05
17180 -3.78643157992199e-05
17190 0.000148927928750019
17200 -3.43303692872657e-05
17210 0.000192886245277764
17220 0.000189257139332633
17230 -0.000291473821743266
17240 -3.37824314108869e-05
17250 0.000455609834348085
17260 -0.00022287308119985
17270 0.00027509677000404
17280 -2.22920995978616e-05
17290 9.06061764843538e-06
17300 -0.000202171711807441
17310 2.21776739332573e-05
17320 0.0002297700297983
17330 0.000525064027429842
17340 -0.000184068429589254
17350 -8.42033245252198e-05
17360 -0.000147299480856288
17370 4.82861122622547e-05
17380 -2.64486278332879e-05
17390 -0.000317666729777727
17400 -0.000104505816762269
17410 -7.73366357062244e-05
17420 0.000203365898571804
17430 -0.000522621984038382
17440 7.58687717489839e-05
17450 -0.000118104769756548
17460 -1.60760398613811e-05
17470 -0.000100325467431336
17480 -0.000304765979193063
17490 -0.000304795495046297
17500 2.21606282012205e-05
17510 7.05369981547596e-05
17520 -9.55184621218815e-05
17530 -0.000365290881273635
17540 0.000409284854541233
17550 -0.00020773224029491
17560 6.91058187882927e-06
17570 0.000249777228140481
17580 0.00013970170941368
17590 0.000156397397649639
17600 0.000241327767554194
17610 0.000139921083748277
17620 0.000513172445280455
17630 0.000181103365433012
17640 3.60340579703176e-05
17650 -0.000270850258651067
17660 -0.000202005888614941
17670 5.8663250241403e-05
17680 -0.000158890490506399
17690 1.26190081993495e-05
17700 -4.17868606404453e-05
17710 4.10333212416089e-05
17720 -8.09591030924149e-05
17730 0.000172322611232064
17740 -7.62986152172699e-05
17750 -1.07593210914485e-05
17760 -6.93123111020239e-05
17770 -5.37518211691e-05
17780 -0.000236393894353434
17790 -0.000534765336430703
17800 2.74313458370413e-05
17810 -0.000168150549718347
17820 -0.000326711711618791
17830 0.000120415568581515
17840 0.000207017293294422
17850 0.000142810568454442
17860 -1.9544479590626e-05
17870 -0.000179381843725306
17880 9.95593523219635e-05
17890 1.74283320926978e-05
17900 -3.36121348721351e-05
17910 -0.000164548037826365
17920 -0.000184359871061962
17930 0.000176119255781762
17940 -9.76337335118488e-05
17950 0.000138125353655935
17960 -3.7960788709063e-05
17970 -5.46079943142658e-05
17980 -0.000101097976822381
17990 -0.000174257224613463
18000 -5.59127923342155e-05
18010 -0.000280216265345381
18020 -9.62981087375104e-05
18030 0.000223524979272048
18040 3.8713551297659e-05
18050 -0.000223763532165079
18060 -0.00039230987729554
18070 -0.000192593455305938
18080 -0.000201472109959811
18090 0.000300015619411443
18100 1.18539178394609e-05
18110 0.000244452913547916
18120 -0.000262711417614629
18130 0.000338895958850077
18140 3.20182890320101e-05
18150 0.000156488857536041
18160 -0.000130054518752983
18170 0.000156524151655966
18180 0.000285237673301858
18190 0.000298755666956485
18200 9.16770974846338e-05
18210 -0.00042906068443566
18220 0.000155442870946458
18230 0.00027650460926362
18240 -0.000103712592627931
18250 -0.000140924650910312
18260 -1.16557250370187e-05
18270 -6.35302343871382e-05
18280 0.000179213005704747
18290 7.98134804835355e-05
18300 -0.000174550102621312
18310 0.000181857700370367
18320 4.10513756826567e-05
18330 0.000254270360541454
18340 4.45577503936233e-05
18350 -0.000102440094768577
18360 -0.000279143534372137
18370 -0.000255240678385521
18380 -0.00038399264141048
18390 -0.000258036262133785
18400 -6.49153735968508e-05
18410 -0.000300041137992925
18420 -0.000127279042678996
18430 5.3312648955419e-05
18440 3.25183215232245e-05
18450 -0.000156319406224454
18460 0.000101224902399604
18470 0.000309847342821081
18480 0.0001597117009828
18490 -3.02569484842511e-05
18500 -7.01233279158228e-05
18510 0.000406087095774513
18520 -0.000124928216944873
18530 0.000103837213047279
18540 0.000145056445116218
18550 -0.000178742580334366
18560 -0.000245736188141039
18570 0.000220710849352477
18580 -0.000321166659118631
18590 -8.79301368014008e-05
18600 -0.00013101418346316
18610 -0.00025947095626314
18620 0.000177557554367962
18630 -6.66617906776139e-05
18640 0.000304421570576675
18650 8.12067427144841e-05
18660 5.62171642901269e-05
18670 0.000115036111945332
18680 0.000199576131226545
18690 0.00012155602229168
18700 -4.76342523944069e-05
18710 6.26936030721845e-05
18720 0.000286315054675149
18730 -0.000174708220605502
18740 -0.000169616663170721
18750 4.4637531520545e-05
18760 0.000257426388059913
18770 -8.9849041790606e-05
18780 0.000159412447589762
18790 0.000397515168931995
18800 6.90995702535828e-05
18810 0.000177849901782
18820 -0.000114544375000674
18830 -0.000146218473162813
18840 -4.31666895881834e-05
18850 7.58753486701689e-05
18860 -0.000158396756105585
18870 -0.000358010137810384
18880 -0.000379463041913505
18890 -0.00019911072410329
18900 -0.000275701239912889
18910 -1.31466273539207e-05
18920 -8.42981464187676e-05
18930 5.21425973853358e-06
18940 0.000173374211033601
18950 3.12514703361487e-05
18960 -0.000581981139868673
18970 0.000256617320775364
18980 -0.000256197977914605
18990 -0.0002424789809462
19000 6.37934559858765e-05
19010 0.000238477614443192
19020 -7.90742380595906e-05
19030 0.000523749217893654
19040 3.13000748058958e-05
19050 -8.19203456616245e-05
19060 1.90276298549797e-05
19070 0.000127411589803822
19080 1.58008820604445e-05
19090 0.000144824553320185
19100 -0.000165342340206416
19110 9.62024789660205e-05
19120 -0.000472887639111169
19130 0.000298227852276413
19140 -0.000171430829673806
19150 4.70463953269376e-05
19160 -0.000233526044206977
19170 -7.96278201768702e-05
19180 -1.82272789192386e-05
19190 -2.7424250762037e-05
19200 -0.000157877442739801
19210 -0.00017532239778326
19220 0.000456096231962138
19230 -0.000315441832645392
19240 0.000410361277367045
19250 0.000179512628243582
19260 9.64146859507129e-05
19270 0.000350111115245971
19280 -0.00038905283941296
19290 0.00035431938286013
19300 7.50742123370302e-05
19310 7.78073975549311e-05
19320 -0.000155173639272426
19330 5.78214393543633e-07
19340 8.66535816316157e-05
19350 0.000356288465413651
19360 0.000184580616185341
19370 -3.18040491955731e-05
19380 3.36155930374779e-05
19390 -1.96657988631677e-05
19400 -5.09202000323737e-06
19410 0.000247322627070822
19420 -0.000125903071813667
19430 -9.23049511880002e-05
19440 -0.000141308632754898
19450 -0.000455656352070424
19460 0.000358732578216908
19470 0.000138856475915049
19480 0.000179029283976496
19490 0.000323738375147094
19500 -0.000250381953053715
19510 -8.38878361226794e-05
19520 7.40690474574707e-05
19530 0.000128072175757686
19540 0.000270024377778469
19550 -0.000154167677907126
19560 0.000158802961201933
19570 -0.000241719305253573
19580 -7.75720830761196e-06
19590 -5.86954387492764e-05
19600 -9.4406021558069e-05
19610 -0.000214626336061197
19620 0.000231367442268742
19630 -0.000100318194097392
19640 7.51072665879525e-05
19650 -0.000147015224001003
19660 0.000147504580550701
19670 9.73582288412695e-05
19680 0.000215054340178254
19690 -0.000496168145136991
19700 0.000175149519094976
19710 0.000101713841886906
19720 0.000241695933050884
19730 0.000166809694133326
19740 0.000371599307782925
19750 0.00027500322427785
19760 -6.39441394917492e-05
19770 -0.000119945774478762
19780 0.000146132385758223
19790 0.000217898015954609
19800 0.000360062584251675
19810 -0.000306434040082579
19820 1.44816721827409e-05
19830 0.000145241080497043
19840 0.000299798479580765
19850 -0.000207198959605335
19860 8.22910444483717e-06
19870 -1.35248185166302e-06
19880 1.04772311613837e-05
19890 0.000557566817600931
19900 -3.41973180459976e-05
19910 5.79462724699202e-05
19920 8.41714889723295e-05
19930 0.000107029685765192
19940 -0.000392560117268698
19950 0.000570873665168715
19960 -0.000365429344389275
19970 0.000206829163001597
19980 0.000293514364899966
19990 6.65060926952395e-05
20000 -0.000261140325985545
20010 -5.9808868634917e-05
20020 6.46632458256649e-05
20030 0.000133875627721884
20040 -0.000153940908253891
20050 0.000141552835842154
20060 0.000234195774117733
20070 0.000207856358681085
20080 -0.000279940632413495
20090 -0.000313746672935514
20100 0.000275753876664404
20110 0.000198566815489802
20120 0.000113067185137417
20130 -7.20089135964094e-05
20140 9.97631214422865e-05
20150 -5.42598727462784e-05
20160 4.94075949147033e-05
20170 0.000106813335805763
20180 5.94998183319283e-05
20190 0.000479654082775799
20200 0.000347119360264543
20210 -0.000108140905370317
20220 0.000405968153381081
20230 0.000127467593944032
20240 3.02544939224687e-06
20250 0.000174610228920053
20260 -0.000174924825099144
20270 0.000249514252010209
20280 -1.38995004396289e-05
20290 0.000273806477057674
20300 -0.000121639539014152
20310 -0.000140813736536905
20320 -0.000475939922692446
20330 -0.000184839745021881
20340 7.42144265838081e-05
20350 -8.8125860370537e-05
20360 0.000227812795153347
20370 0.000529955624598681
20380 -0.000182621959028501
20390 5.13959505312475e-05
20400 0.000393452949395211
20410 0.000240105181177598
20420 0.000151826003913392
20430 0.00020730388735964
20440 -0.000214445976933063
20450 0.000188655647288356
20460 0.000481855003180672
20470 -0.000213356796802846
20480 -0.000275605181218566
20490 -2.54855517697671e-05
20500 -0.000181297064200452
20510 0.000219860735443928
20520 -0.000308569124594177
20530 -8.48394766695847e-05
20540 -0.000555049556999053
20550 -1.99900984649298e-05
20560 0.000152728569361053
20570 -2.49066429556373e-05
20580 9.02971578666019e-05
20590 -1.01568625061393e-05
20600 0.000283242472722319
20610 -9.60668644735687e-05
20620 -8.67075790889993e-07
20630 0.000207751338618587
20640 8.7591567710861e-05
20650 -0.00038499193677477
20660 -0.00012132181234015
20670 6.10061368707034e-05
20680 -0.000354856884206416
20690 -0.000142141229810901
20700 -0.000193991068284426
20710 0.000184652297320861
20720 -3.32827487977245e-05
20730 0.000109157394680839
20740 0.000312331822664122
20750 -3.50654296369826e-05
20760 -0.000119188822703623
20770 -0.000174243999879331
20780 6.00966808854345e-05
20790 4.7567309103505e-05
20800 -0.000168423752332601
20810 -3.94431328472147e-05
20820 -5.27395073576392e-05
20830 -0.000220591448905342
20840 -0.000163186437380739
20850 -5.08787612374059e-05
20860 -0.000135119965818021
20870 -0.000117417251003941
20880 -1.62778853585214e-05
20890 -0.000265608412234803
20900 -9.81548621519902e-05
20910 -0.000141496601919596
20920 3.50851667762543e-05
20930 -4.56529767763891e-05
20940 -0.000361132632367334
20950 0.000113024004000232
20960 1.40149931207749e-05
20970 2.9002220162416e-05
20980 -0.00042522769777276
20990 -3.20811331768144e-05
21000 9.2767382639403e-05
21010 0.000389735153577423
21020 -0.000268505161495705
21030 0.000116079173293994
21040 -0.000168723384255052
21050 5.05277370861195e-05
21060 0.000179127988396917
21070 -6.36437778238958e-05
21080 0.000232089293426175
21090 -3.73989865892154e-05
21100 0.00010038044486962
21110 -0.000119653172070578
21120 -0.000354616907265935
21130 -0.00018255864837904
21140 -6.32521311811261e-05
21150 -0.000391103275742634
21160 -0.000210109595445592
21170 0.000142857569485619
21180 -0.000277953083856566
21190 6.64329502117369e-05
21200 -0.000103678320975755
21210 -0.000147754415078146
21220 -0.000232285253115851
21230 -5.47882269981295e-05
21240 -0.000166864691532977
21250 0.00012501866997457
21260 0.00019894259180743
21270 9.6930237554443e-05
21280 -1.8499354399851e-05
21290 -6.55434263177016e-05
21300 0.000189085989677584
21310 -0.000310736258393104
21320 -3.63931155984086e-05
21330 -2.74066802567761e-05
21340 -0.000118449441254214
21350 4.92711423033268e-05
21360 8.72222611379675e-05
21370 -0.000242130199564944
21380 2.8161270957794e-05
21390 0.000317082860461697
21400 0.000124765337811065
21410 -0.000156860309078214
21420 8.67445318171204e-05
21430 0.000387789618049194
21440 1.2294628792669e-05
21450 0.000280880561647376
21460 0.000174088085822855
21470 6.94623000224955e-05
21480 -0.000103072278301636
21490 -0.000308920896792662
21500 -6.39325048629455e-05
21510 0.000328578294840457
21520 0.000461452481591893
21530 0.000326905807832595
21540 -2.96490312025428e-05
21550 0.000176018177898685
21560 -8.68603907837609e-05
21570 0.000163121179712795
21580 -0.000150303782863909
21590 -3.51798803997757e-05
21600 0.000155200438438877
21610 4.26070787920952e-05
21620 -9.60045526952206e-05
21630 9.54456154572705e-05
21640 -0.000187370621842578
21650 -0.000144004957319557
21660 -0.000307257177216232
21670 -0.000262156105619802
21680 -0.000102746431527087
21690 -2.36582476088122e-06
21700 -0.000360042759468811
21710 0.000201455315955797
21720 0.000146827844164769
21730 9.90429689515123e-05
21740 -5.34683297886252e-05
21750 -0.000394101031389717
21760 -0.000272612618449859
21770 -0.00017428539913156
21780 0.000208126900784451
21790 -0.00011291442376079
21800 -0.000312965633176156
21810 0.000326193887550682
21820 0.000147692178982966
21830 -0.000205001047232433
21840 9.03753860687609e-05
21850 8.03510483846267e-06
21860 -0.000140344246058193
21870 -0.000267385802464393
21880 -3.28884278145499e-05
21890 -0.00036826334849148
21900 -3.55874104916106e-05
21910 7.76270250461618e-05
21920 -1.15717364566099e-05
21930 -0.00031376983016862
21940 0.00030909931011969
21950 0.000212684120783436
21960 -0.000110551691273361
21970 0.000198815638899914
21980 4.40430404473387e-05
21990 0.000334173704184209
22000 -0.000278120312169634
22010 0.000142615899266649
22020 6.62575452456684e-05
22030 0.000164435003257065
22040 0.000138655168896755
22050 0.000115749520498644
22060 0.000104470104707778
22070 0.000104530079015185
22080 -2.01911495490662e-06
22090 -8.44796861048376e-05
22100 -4.1662122281918e-05
22110 -8.65729809228985e-05
22120 5.75915065423947e-07
22130 0.000327927602747227
22140 0.000250760300955328
22150 6.14952754641626e-05
22160 0.000177750050396295
22170 -0.000195271553875132
22180 6.01912217675105e-05
22190 -0.00015030594838177
22200 -0.00029946537459388
22210 0.000279523264619303
22220 8.40046647352301e-05
22230 0.000165089171562893
22240 -0.0001648471021271
22250 0.000161758890429278
22260 1.59666751264453e-05
22270 -0.000298669500156573
22280 1.69477765026925e-05
22290 -0.000342810333007468
22300 -0.000150999799292748
22310 2.519830607706e-05
22320 4.74587101635493e-05
22330 -0.000214512887981716
22340 5.34100299581299e-05
22350 -7.34567896749113e-05
22360 0.000349215259752977
22370 0.000151479921379911
22380 4.1694136206447e-05
22390 -3.36784524461351e-05
22400 6.12535908518834e-05
22410 -4.72747242198413e-05
22420 -0.000369139159536204
22430 0.00019935184152993
22440 3.5036096363283e-05
22450 0.000297154179573765
22460 -1.09967346661459e-05
22470 0.000394248687176964
22480 -9.50079040421893e-05
22490 -2.47986229422901e-05
22500 -0.000340229343511721
22510 0.000110812885958147
22520 -0.000445872856749761
22530 -0.000346778618795212
22540 -6.5635064881169e-05
22550 -0.000148908163811617
22560 -0.000257293559436601
22570 0.000236241934916321
22580 2.28754995450879e-05
22590 0.000165461272914452
22600 -1.61060972672321e-05
22610 -0.000122628139184248
22620 -0.000313491375960168
22630 4.38362920249305e-05
22640 -7.11309701229603e-05
22650 -4.80251804883835e-05
22660 9.66288596295422e-05
22670 -0.000359872959923793
22680 -0.000125564487603735
22690 2.20564437632765e-05
22700 -8.33568385006709e-05
22710 -1.38495816058287e-05
22720 -0.000109738819702312
22730 7.43405509220224e-05
22740 -4.60166628203021e-05
22750 -0.000100987774434968
22760 1.5110987134159e-05
22770 0.000194166652929499
22780 0.000162221840079875
22790 8.39627561797624e-05
22800 8.47339708864849e-05
22810 -0.000236039946396969
22820 0.000325399363768659
22830 0.000463454987476243
22840 -0.000150978587481867
22850 -0.000207309661853334
22860 0.000142242389768737
22870 4.17518146782731e-05
22880 -0.000115105815769111
22890 8.58009645726512e-05
22900 -0.000464507626594199
22910 1.63303072731563e-05
22920 -6.05767346941345e-05
22930 -0.000204281649000432
22940 1.9234833517255e-05
22950 0.000405345473115563
22960 -0.000272201656795879
22970 0.000193366393994838
22980 -2.95064988213281e-05
22990 3.71492640065091e-05
23000 5.60582670394389e-05
23010 -0.000132743322753512
23020 -0.000186983245533117
23030 0.000215570018105237
23040 -0.000445947240771951
23050 1.70622737621455e-05
23060 -0.000195956382003855
23070 1.1061875135302e-05
23080 -0.000103740886586607
23090 -2.79294563130353e-05
23100 -0.00038627289082391
23110 0.000101585884396471
23120 -0.00011618457659046
23130 0.00030945730886274
23140 -6.18809799120525e-06
23150 -2.73094260147899e-05
23160 0.000379495901750332
23170 -2.48773259410901e-05
23180 -2.06382691245004e-05
23190 4.15882046664119e-05
23200 6.6031429471495e-05
23210 -0.000213733476088799
23220 0.000100989397669881
23230 -7.10263819893981e-05
23240 -0.000324619929463298
23250 0.000296807884051519
23260 -0.000138763221962724
23270 -0.000160424417449641
23280 -1.96741645240116e-05
23290 0.000207719661454987
23300 -0.000102298748675667
23310 0.000233009548002908
23320 -0.000148056133482566
23330 -0.000369113503630958
23340 0.000374318065058363
23350 -3.32948170336923e-05
23360 0.000116707056274613
23370 -8.60406488790858e-05
23380 0.000181747409255368
23390 -0.000322615585712948
23400 0.000410424422698853
23410 -0.000170838091518421
23420 -5.63876344124255e-05
23430 0.000239978156712628
23440 0.000217435172709391
23450 8.671545619343e-05
23460 0.000107326612091954
23470 -0.000252091235131953
23480 -4.60071934493411e-05
23490 -0.000147850702098399
23500 0.000250866683884745
23510 -0.000351689368650875
23520 0.000139716384211078
23530 2.67812937151969e-05
23540 0.000143934812232854
23550 4.58610555930084e-05
23560 0.000203011784832749
23570 6.17391141518355e-05
23580 0.000107782081172877
23590 -5.79744245865885e-05
23600 -3.32450811995126e-05
23610 0.000218093265320242
23620 -0.00027102289227791
23630 1.64305067215876e-06
23640 0.000265418655276541
23650 -5.79692726140792e-05
23660 -6.96818097468894e-05
23670 -0.000121637230180703
23680 -0.000123892800597103
23690 0.000192676035750586
23700 -9.59537906884279e-05
23710 -0.000115340804308498
23720 0.000219347175760453
23730 -0.000157603212689059
23740 0.000118734913628881
23750 9.86111263084743e-05
23760 0.00028568196741868
23770 0.000288786905627947
23780 3.86689619313143e-05
23790 -0.000101875662133211
23800 0.000222346417507488
23810 2.56398277953886e-06
23820 0.00017981069953155
23830 -0.000284945423911235
23840 0.000463941794371475
23850 -3.64701551034882e-05
23860 0.000197479738146934
23870 -0.000351182542587726
23880 -0.000144570016884766
23890 0.000401962313739455
23900 -2.49144516900129e-05
23910 0.000408617615515972
23920 0.000125379816178156
23930 -0.000126000158176952
23940 -7.16647048509748e-05
23950 6.80409677432876e-05
23960 5.63214193004198e-05
23970 -0.00019808476979175
23980 0.00023077996088094
23990 -3.25156973270838e-05
24000 2.86365689308781e-05
24010 6.36942997511052e-05
24020 0.000395952831059974
24030 -0.000233094516193265
24040 -5.2892188178301e-05
24050 -1.68189314580284e-05
24060 5.08782248138078e-05
24070 0.000150605536710854
24080 0.000153277724385175
24090 1.30407384716543e-05
24100 9.42457565161418e-06
24110 -2.10288078378213e-05
24120 -7.50441051826709e-05
24130 0.000154769561083547
24140 0.000396757048693767
24150 6.11359789417326e-05
24160 0.000398130487135268
24170 0.000387981158466319
24180 1.68714907182294e-05
24190 -4.92733383876235e-05
24200 0.00027310490822312
24210 0.000169320632056014
24220 -3.63535502503156e-05
24230 -0.000168778788348191
24240 9.91497613506083e-06
24250 -5.72915786452493e-05
24260 -0.000204566955402824
24270 -0.000139658816912591
24280 -5.72876038820855e-05
24290 -0.000176857122864818
24300 0.000141880528846377
24310 0.000480709253518832
24320 0.000250902496798631
24330 -0.000257934001261155
24340 -0.000132582986143648
24350 0.000130217004902241
24360 -0.000190904555954939
24370 -7.9559445123221e-05
24380 9.22709703185094e-05
24390 0.000129367666604722
24400 0.000203096537783858
24410 0.000229243865658083
24420 -0.000290855102326071
24430 -8.67907777890996e-05
24440 -0.000217994370419972
24450 7.17288467844581e-05
24460 5.57527860867652e-05
24470 4.48337832130818e-05
24480 -3.1227003514629e-05
24490 -0.000202793338620264
24500 -0.000388985702651235
24510 -6.34914126017662e-06
24520 0.000226104425689437
24530 -0.000130779307312267
24540 -1.4336971029731e-05
24550 0.000291830693458895
24560 0.000231830858941117
24570 -0.000197011396751698
24580 0.000145041822938762
24590 8.2354563654782e-05
24600 -0.000281502547251599
24610 -9.18945064081143e-05
24620 -0.000442779663391543
24630 4.76864700102023e-05
24640 -0.000198379613290042
24650 0.000139908215670618
24660 -0.000317270105254592
24670 -1.28753709242906e-05
24680 4.90046558307724e-05
24690 2.42520199661752e-05
24700 -5.83817209716538e-05
24710 -0.00015583900428307
24720 -0.000138405626481969
24730 0.000255990632308189
24740 0.000410538518820652
24750 -1.13897938559109e-05
24760 3.51214063730212e-06
24770 -0.000197798874197665
24780 -9.63238068688017e-05
24790 0.000132739829836378
24800 -0.000169779356598002
24810 0.000133867630716318
24820 -0.000303578925197294
24830 0.000120556959802055
24840 -0.000243378148499057
24850 0.000283590029481757
24860 -4.03311072845527e-05
24870 -0.000298696438650644
24880 0.000102519793103733
24890 0.000296102464373931
24900 0.000113343504613473
24910 -2.19212817482956e-05
24920 -2.59958343086633e-05
24930 0.00017383771673152
24940 -0.000121280829050834
24950 -8.00016022422851e-05
24960 0.000168979247148976
24970 -1.75234293571686e-05
24980 -0.000123269808594729
24990 0.000229049137216159
25000 0.000234721467977636
25010 0.000558716324143593
25020 -0.000143690253719287
25030 0.000142170744933874
25040 -7.94169731570368e-05
25050 6.78797240768105e-05
25060 -0.000320411061128627
25070 -4.34551089606877e-05
25080 -2.41255093423099e-05
25090 -0.000262712581035966
25100 0.00021223727612808
25110 -0.000286527368715495
25120 0.000348640203148005
25130 -0.000146066784541036
25140 0.000217272007645261
25150 0.000195091395107548
25160 0.000197071055490261
25170 -9.66591527033877e-05
25180 -0.000130809146597316
25190 -0.000157276662591335
25200 -3.39037857582971e-05
